FIX
1.0	0.000	0.000	0.000
TRIP
DATE 2009-06-27 
DECLINATION     0.00
DATA
1.0	1.1	153.60	-3.02	3.907	<
1.1		193.50	80.00	9.893	<
1.1	1.2	277.90	-4.57	5.794	<
1.2		167.96	-6.56	2.924	<
1.2		133.50	83.25	10.803	<
1.2		152.74	-69.15	1.650	<
1.2	1.3	203.20	-34.26	7.889	<
1.3		297.80	67.41	6.716	<
1.3		311.22	0.27	1.694	<
1.3		296.40	40.76	5.662	<
1.4	1.3	58.57	80.79	11.445	<
1.4		126.40	7.55	2.329	<
1.4		138.78	-48.86	2.053	<
1.4		222.51	79.09	12.030	<
1.4		49.09	22.80	2.013	<
1.4		172.87	-2.63	3.664	<
1.4		209.80	-8.08	4.142	<
1.4	1.5	226.01	-18.40	4.991	<
1.5		329.84	75.82	20.238	<
1.5		6.35	9.07	3.500	<
1.5		6.61	-54.81	3.606	<
1.5		9.23	-54.28	3.533	<
1.5		291.58	-23.65	5.209	<
1.5		301.58	-7.01	7.136	<
1.5	1.6	291.44	-41.16	8.552	<
1.5	1.7	309.83	-2.29	6.796	<
1.7		358.66	86.76	25.835	<
1.7		48.19	20.11	1.637	<
1.7	1.8	326.54	-6.34	6.853	<
1.4	1.9	211.33	26.49	4.942	<
1.9		117.45	12.15	1.240	<
1.9		255.45	14.88	1.429	<
1.9		355.91	81.12	6.816	<
1.9		191.73	-52.06	3.377	<
1.9		180.88	-12.08	3.210	<
1.9	1.10	195.97	-3.41	3.633	<
1.10		321.63	13.13	2.250	<
1.10		302.54	67.87	3.436	<
1.10		325.25	-81.46	1.926	<
1.10		233.28	-45.39	2.956	<
1.10		224.16	-17.60	5.791	<
1.10	1.11	286.68	11.73	7.384	<
1.11		96.40	-17.17	4.627	<
1.11		74.87	1.00	1.552	<
1.11		121.57	0.28	0.816	<
1.11		231.13	25.71	1.740	<
1.11		265.88	83.40	3.025	<
1.11	1.12	44.25	82.60	1.257	<
1.12		129.81	-43.45	4.938	<
1.12		318.65	1.20	1.578	<
1.12	1.13	5.37	13.91	3.137	<
1.13		114.85	83.39	3.765	<
1.13		111.16	-47.55	1.006	<
1.13	1.14	114.68	12.47	1.658	<
1.14	1.15	352.48	-64.05	8.712	<
1.12	1.16	303.39	5.91	4.736	<

PLAN
STATIONS
0.000	0.000	1.0
1.735	-3.495	1.1
-3.986	-2.701	1.2
-6.555	-8.694	1.3
-8.118	-9.649	1.4
-11.525	-12.938	1.5
-17.518	-10.584	1.6
-16.740	-8.589	1.7
-20.495	-2.907	1.8
-10.418	-13.427	1.9
-11.416	-16.914	1.10
-18.342	-14.839	1.11
-18.229	-14.723	1.12
-17.944	-11.691	1.13
-16.473	-12.367	1.14
-16.972	-8.587	1.15
-22.162	-12.131	1.16
SHOTS
-18.229	-14.723	-22.162	-12.131
-16.473	-12.367	-16.972	-8.587
-17.944	-11.691	-16.473	-12.367
-18.229	-14.723	-17.944	-11.691
-17.944	-11.691	-17.551	-11.873
-17.944	-11.691	-17.311	-11.936
-18.342	-14.839	-18.229	-14.723
-18.229	-14.723	-15.475	-17.018
-18.229	-14.723	-19.271	-13.539
-11.416	-16.914	-18.342	-14.839
-18.342	-14.839	-13.949	-15.332
-18.342	-14.839	-16.844	-14.434
-18.342	-14.839	-17.647	-15.266
-18.342	-14.839	-19.563	-15.823
-18.342	-14.839	-18.689	-14.864
-10.418	-13.427	-11.416	-16.914
-11.416	-16.914	-12.776	-15.196
-11.416	-16.914	-12.507	-16.218
-11.416	-16.914	-11.579	-16.679
-11.416	-16.914	-13.080	-18.155
-11.416	-16.914	-15.262	-20.874
-8.118	-9.649	-10.418	-13.427
-10.418	-13.427	-9.342	-13.986
-10.418	-13.427	-11.755	-13.774
-10.418	-13.427	-10.493	-12.378
-10.418	-13.427	-10.840	-15.460
-10.418	-13.427	-10.466	-16.566
-16.740	-8.589	-20.495	-2.907
-11.525	-12.938	-16.740	-8.589
-16.740	-8.589	-16.774	-7.131
-16.740	-8.589	-15.594	-7.564
-11.525	-12.938	-17.518	-10.584
-8.118	-9.649	-11.525	-12.938
-11.525	-12.938	-14.016	-8.652
-11.525	-12.938	-11.143	-9.503
-11.525	-12.938	-11.286	-10.874
-11.525	-12.938	-11.194	-10.902
-11.525	-12.938	-15.962	-11.183
-11.525	-12.938	-17.559	-9.229
-6.555	-8.694	-8.118	-9.649
-8.118	-9.649	-6.260	-11.019
-8.118	-9.649	-7.228	-10.665
-8.118	-9.649	-9.656	-11.327
-8.118	-9.649	-6.716	-8.434
-8.118	-9.649	-7.664	-13.281
-8.118	-9.649	-10.156	-13.208
-3.986	-2.701	-6.555	-8.694
-6.555	-8.694	-8.837	-7.491
-6.555	-8.694	-7.829	-7.578
-6.555	-8.694	-10.396	-6.787
1.735	-3.495	-3.986	-2.701
-3.986	-2.701	-3.380	-5.542
-3.986	-2.701	-3.065	-3.575
-3.986	-2.701	-3.717	-3.223
0.000	0.000	1.735	-3.495
1.735	-3.495	1.334	-5.165
POLYLINE GRAY
-22.365	-12.320
-22.265	-12.660
-22.305	-12.240
-22.205	-12.200
-22.105	-12.240
-22.065	-12.400
-22.145	-12.520
-22.225	-12.560
-22.125	-12.520
-21.985	-12.620
-21.985	-12.700
-22.185	-12.840
-22.265	-12.880
POLYLINE GRAY
-22.405	-13.020
-22.445	-13.040
POLYLINE GRAY
-22.705	-12.440
-22.725	-12.400
-22.645	-12.220
-22.525	-12.360
-22.585	-12.600
-22.505	-12.900
POLYLINE BLACK
-19.705	-15.580
-19.705	-15.680
-19.865	-15.400
-20.025	-15.120
-20.105	-14.820
-20.125	-14.660
-20.005	-14.280
-19.985	-14.160
-20.085	-13.780
-20.205	-13.540
-20.605	-13.380
-20.685	-13.340
-20.765	-13.320
-21.045	-13.140
-21.185	-12.960
-21.225	-12.960
-21.305	-12.900
POLYLINE BLACK
-19.505	-13.380
-19.505	-13.420
-19.545	-13.400
-19.785	-13.440
-19.965	-13.320
-20.185	-13.080
-20.225	-13.100
-20.265	-13.060
-20.305	-13.080
-20.365	-13.020
-20.405	-13.040
-20.565	-12.900
-20.845	-12.540
-20.965	-12.540
-21.085	-12.460
POLYLINE BLACK
-16.285	-12.040
-16.205	-11.820
POLYLINE BLACK
-16.405	-11.920
-16.345	-11.840
POLYLINE BLACK
-16.625	-11.840
-16.485	-11.660
POLYLINE BLACK
-16.745	-11.800
-16.665	-11.620
POLYLINE BLACK
-17.005	-11.600
-16.845	-11.460
POLYLINE BLACK
-17.085	-11.500
-17.005	-11.320
POLYLINE BLACK
-17.285	-11.300
-17.225	-11.180
POLYLINE BLACK
-17.405	-11.220
-17.365	-11.060
POLYLINE BLACK
-17.545	-11.060
-17.525	-10.920
POLYLINE BLACK
-17.685	-10.840
-17.625	-10.740
-17.625	-10.700
POLYLINE BLACK
-17.745	-10.640
-17.745	-10.600
-17.685	-10.520
POLYLINE BLACK
-17.805	-10.440
-17.805	-10.400
-17.765	-10.400
POLYLINE BROWN
-17.085	-13.460
-17.065	-13.640
-16.905	-13.520
-16.905	-13.420
-16.985	-13.360
-17.025	-13.380
POLYLINE BROWN
-17.305	-13.800
-17.245	-13.960
-17.165	-13.960
-17.105	-13.860
-17.105	-13.720
-17.205	-13.700
POLYLINE BROWN
-17.605	-13.720
-17.565	-13.840
-17.465	-13.860
-17.385	-13.760
-17.385	-13.680
-17.505	-13.620
-17.545	-13.660
POLYLINE BROWN
-17.605	-13.280
-17.725	-13.500
-17.685	-13.580
-17.545	-13.540
-17.505	-13.440
-17.525	-13.340
-17.665	-13.240
-17.745	-13.260
POLYLINE BROWN
-17.485	-13.220
-17.345	-13.420
-17.205	-13.360
-17.145	-13.160
-17.305	-13.120
POLYLINE BROWN
-17.525	-12.860
-17.545	-12.900
-17.525	-13.060
-17.345	-13.100
-17.305	-13.040
-17.325	-12.940
-17.405	-12.880
-17.545	-12.860
POLYLINE BROWN
-17.125	-12.600
-17.145	-12.760
-16.965	-12.740
-16.965	-12.680
-17.005	-12.640
POLYLINE BROWN
-16.945	-12.320
-16.925	-12.480
-16.845	-12.520
-16.705	-12.400
-16.745	-12.320
-16.805	-12.320
POLYLINE BROWN
-17.345	-12.560
-17.245	-12.660
-17.165	-12.660
-17.145	-12.620
-17.185	-12.540
-17.265	-12.500
POLYLINE BROWN
-17.705	-12.440
-17.785	-12.660
-17.725	-12.740
-17.625	-12.700
-17.585	-12.600
-17.645	-12.520
-17.745	-12.520
POLYLINE BROWN
-17.385	-12.120
-17.405	-12.300
-17.325	-12.320
-17.185	-12.260
-17.165	-12.200
-17.205	-12.120
-17.265	-12.120
POLYLINE BROWN
-17.165	-11.680
-17.265	-11.800
-17.265	-11.920
-17.165	-12.000
-17.085	-12.000
-17.065	-11.820
POLYLINE BROWN
-16.825	-11.840
-16.845	-11.960
-16.725	-12.120
-16.645	-12.120
-16.605	-12.040
-16.605	-12.000
-16.645	-11.980
POLYLINE BROWN
-17.105	-11.680
-17.105	-11.840
-17.005	-11.900
-16.985	-11.780
-17.025	-11.700
POLYLINE BROWN
-17.445	-11.300
-17.365	-11.560
-17.265	-11.620
-17.245	-11.520
-17.325	-11.400
-17.365	-11.400
POLYLINE BROWN
-17.705	-11.000
-17.765	-11.120
-17.705	-11.260
-17.665	-11.220
-17.705	-11.040
-17.725	-11.000
POLYLINE BROWN
-17.465	-11.420
-17.525	-11.300
POLYLINE BROWN
-17.565	-11.360
-17.585	-11.480
-17.485	-11.600
POLYLINE BROWN
-17.565	-11.500
-17.645	-11.500
POLYLINE BROWN
-17.585	-11.580
-17.705	-11.700
-17.685	-11.780
POLYLINE BROWN
-17.665	-11.980
-17.705	-12.020
POLYLINE BROWN
-17.765	-11.920
-17.825	-12.200
-17.705	-12.260
POLYLINE BLACK
-16.145	-12.180
-16.105	-12.200
-16.225	-12.140
-16.385	-12.200
-16.525	-12.360
-16.545	-12.440
-16.785	-12.920
-16.885	-13.560
-16.825	-14.020
-16.805	-14.120
-16.845	-14.240
POLYLINE BLACK
-18.085	-9.700
-17.825	-9.920
-17.805	-10.020
-17.845	-10.340
-17.885	-10.620
-17.865	-10.660
-17.925	-11.020
-17.985	-11.360
-17.965	-11.480
-17.925	-11.640
-17.945	-11.780
-18.005	-11.860
-18.065	-12.340
-18.045	-12.680
-18.205	-13.140
-18.305	-13.280
-18.345	-13.280
-18.445	-13.480
POLYLINE BROWN
-12.545	-16.780
-12.525	-16.940
-12.465	-17.020
-12.425	-16.960
-12.445	-16.920
POLYLINE BROWN
-12.725	-16.180
-12.685	-16.160
-12.745	-16.080
POLYLINE BROWN
-12.665	-16.680
-12.745	-16.800
-12.625	-16.840
-12.545	-16.800
-12.545	-16.720
-12.665	-16.640
POLYLINE BLACK
-12.305	-18.420
-12.285	-18.480
-12.285	-18.260
-11.985	-17.960
-11.925	-17.980
-11.705	-17.640
-11.705	-17.600
POLYLINE BROWN
-13.005	-17.600
-13.005	-17.780
-12.965	-17.820
-12.845	-17.680
-12.885	-17.660
POLYLINE BROWN
-12.285	-17.560
-12.325	-17.700
-12.165	-17.740
-12.125	-17.680
-12.425	-17.420
-12.505	-17.440
POLYLINE BROWN
-12.945	-17.300
-12.985	-17.380
-12.805	-17.140
-13.005	-17.060
POLYLINE BROWN
-13.225	-16.380
-12.945	-16.500
-13.145	-16.380
POLYLINE BROWN
-13.825	-15.960
-13.745	-15.960
-13.525	-16.120
-13.465	-16.000
-13.545	-15.940
POLYLINE BROWN
-14.125	-16.040
-14.085	-16.080
-13.965	-16.020
-13.985	-15.880
-14.045	-15.820
POLYLINE BROWN
-14.725	-15.480
-14.785	-15.620
-14.685	-15.740
-14.585	-15.720
-14.565	-15.680
-14.625	-15.500
POLYLINE BROWN
-14.245	-15.560
-14.305	-15.960
-14.245	-16.060
-14.285	-15.540
POLYLINE BROWN
-13.905	-16.140
-13.885	-16.460
-13.765	-16.440
-13.745	-16.300
-13.865	-16.160
POLYLINE BROWN
-13.405	-16.620
-13.305	-16.880
-13.185	-16.920
-13.125	-16.780
-13.145	-16.620
-13.185	-16.600
POLYLINE BROWN
-13.885	-16.720
-13.925	-17.020
-13.765	-16.680
POLYLINE BROWN
-13.485	-17.300
-13.485	-17.340
-13.545	-17.480
-13.525	-17.600
-13.445	-17.580
-13.365	-17.360
-13.405	-17.320
POLYLINE BROWN
-14.105	-17.600
-14.005	-17.880
-13.885	-17.840
-13.805	-17.620
-13.845	-17.480
-13.885	-17.480
POLYLINE BROWN
-14.625	-17.540
-14.605	-17.660
-14.525	-17.700
-14.365	-17.520
-14.405	-17.440
POLYLINE BROWN
-14.945	-17.380
-14.965	-17.480
-14.925	-17.600
-14.845	-17.620
-14.745	-17.500
-14.765	-17.360
-14.805	-17.280
POLYLINE BROWN
-15.865	-17.960
-15.865	-18.060
-15.765	-18.120
-15.665	-18.000
-15.665	-17.960
POLYLINE BROWN
-16.225	-18.220
-16.125	-18.280
-16.025	-18.160
-16.045	-17.940
POLYLINE BROWN
-16.465	-18.000
-16.505	-18.180
-16.445	-18.240
-16.365	-18.240
-16.345	-18.180
-16.425	-18.060
POLYLINE BROWN
-16.325	-17.480
-16.485	-17.680
-16.505	-17.580
POLYLINE BROWN
-16.225	-17.100
-16.265	-17.180
-16.225	-17.180
-16.165	-17.080
-16.225	-16.920
POLYLINE BROWN
-16.365	-16.440
-16.345	-16.560
-16.285	-16.600
-16.205	-16.560
-16.205	-16.520
POLYLINE BROWN
-16.165	-15.820
-16.305	-15.960
-16.265	-15.980
-16.125	-15.940
-16.105	-15.860
POLYLINE BROWN
-15.745	-16.640
-15.625	-16.720
-15.605	-16.540
-15.685	-16.340
-15.825	-16.280
POLYLINE BROWN
-14.485	-16.660
-14.365	-16.920
-14.325	-16.940
-14.245	-16.900
-14.225	-16.800
-14.245	-16.760
POLYLINE BROWN
-14.705	-16.480
-14.705	-16.560
-14.665	-16.600
-14.585	-16.580
-14.585	-16.480
-14.665	-16.420
POLYLINE BROWN
-15.025	-15.980
-15.085	-16.200
-15.025	-16.280
-14.905	-16.200
-14.925	-16.060
-14.965	-16.020
POLYLINE BROWN
-15.245	-15.680
-15.045	-15.860
-15.005	-15.800
-15.065	-15.620
-15.145	-15.540
-15.205	-15.540
POLYLINE BROWN
-15.385	-15.560
-15.345	-15.580
-15.305	-15.520
-15.345	-15.360
-15.385	-15.340
POLYLINE BROWN
-15.965	-15.280
-15.865	-15.380
-15.765	-15.360
-15.785	-15.180
-15.825	-15.140
POLYLINE BROWN
-16.325	-15.240
-16.285	-15.260
-16.205	-15.180
-16.205	-15.100
-16.285	-15.000
-16.365	-14.980
POLYLINE BROWN
-16.645	-15.440
-16.685	-15.560
-16.665	-15.660
-16.605	-15.680
-16.525	-15.660
-16.485	-15.480
-16.505	-15.440
POLYLINE BROWN
-16.985	-15.580
-17.025	-15.760
-16.945	-15.800
-16.845	-15.780
-16.825	-15.720
-16.865	-15.600
POLYLINE BROWN
-16.745	-14.920
-16.805	-15.060
-16.805	-15.140
-16.685	-15.220
-16.585	-15.140
-16.605	-15.060
POLYLINE BROWN
-17.065	-15.500
-17.105	-15.540
-17.045	-15.620
-16.925	-15.520
-16.925	-15.480
-17.045	-15.400
POLYLINE BROWN
-17.245	-14.960
-17.285	-15.100
-17.225	-15.140
-17.065	-15.060
-17.145	-14.880
-17.205	-14.860
POLYLINE BROWN
-17.745	-14.320
-17.765	-14.360
-17.745	-14.420
-17.625	-14.440
POLYLINE BROWN
-17.205	-14.200
-17.245	-14.280
-17.185	-14.320
-17.125	-14.240
-17.145	-14.200
POLYLINE BROWN
-17.345	-14.220
-17.365	-14.260
-17.405	-14.240
POLYLINE BROWN
-17.885	-14.120
-17.885	-14.120
-17.805	-14.180
-17.745	-14.060
-17.765	-14.020
POLYLINE BROWN
-18.045	-13.660
-18.085	-13.640
-18.185	-13.760
-18.185	-13.840
-18.045	-13.860
-17.985	-13.760
POLYLINE BROWN
-18.485	-13.660
-18.485	-13.700
-18.525	-13.780
-18.525	-13.820
-18.485	-13.840
-18.365	-13.700
-18.365	-13.600
-18.425	-13.580
POLYLINE BROWN
-18.865	-13.960
-18.905	-14.120
-18.825	-14.100
-18.745	-13.980
-18.765	-13.900
POLYLINE BROWN
-19.185	-13.740
-19.225	-13.820
-19.225	-13.880
-19.185	-13.920
-19.085	-13.860
POLYLINE BROWN
-19.425	-13.920
-19.465	-13.920
-19.485	-13.960
-19.405	-13.940
-19.385	-13.840
-19.405	-13.800
POLYLINE BROWN
-19.305	-14.500
-19.345	-14.520
-19.305	-14.540
-19.185	-14.460
-19.245	-14.340
POLYLINE BROWN
-19.665	-14.120
-19.785	-14.300
-19.725	-14.340
-19.605	-14.240
-19.605	-14.180
-19.705	-14.140
POLYLINE BROWN
-19.665	-14.600
-19.705	-14.620
-19.625	-14.620
-19.585	-14.580
-19.585	-14.500
POLYLINE BROWN
-19.645	-14.900
-19.645	-14.940
-19.505	-15.000
-19.425	-14.880
-19.425	-14.840
-19.505	-14.820
POLYLINE BROWN
-18.365	-15.020
-18.385	-14.980
-17.985	-14.900
POLYLINE BROWN
-19.205	-15.180
-19.205	-15.220
-18.525	-14.980
-18.485	-15.000
-18.345	-14.880
-18.325	-14.620
-18.345	-14.460
POLYLINE BROWN
-18.425	-14.300
-18.385	-14.300
-17.985	-14.620
-17.885	-14.860
-18.005	-15.120
-18.245	-15.400
-18.285	-15.400
-18.385	-15.480
-18.585	-15.520
-18.665	-15.460
-18.805	-15.480
-18.845	-15.460
-18.945	-15.580
-19.205	-15.600
-19.365	-15.540
POLYLINE BROWN
-18.365	-14.240
-18.625	-14.720
-18.865	-14.980
-19.065	-15.080
-19.225	-15.240
-19.285	-15.480
POLYLINE BLACK
-19.565	-13.400
-19.105	-13.480
-18.685	-13.440
-18.545	-13.420
-18.345	-13.320
-18.225	-13.300
-18.185	-13.280
POLYLINE BLACK
-18.045	-15.520
-18.265	-15.740
-18.445	-15.760
-18.525	-15.800
-18.645	-15.840
-18.725	-15.900
-18.945	-15.860
-19.345	-16.000
-19.425	-15.960
-19.585	-15.920
-19.745	-15.720
POLYLINE BLACK
-16.705	-16.400
-16.705	-16.360
-17.045	-16.000
-17.305	-15.780
-17.445	-15.480
-17.545	-15.380
-17.585	-15.400
-17.705	-15.340
-17.905	-15.360
-18.005	-15.460
-18.085	-15.480
-18.125	-15.560
POLYLINE BLACK
-16.575	-18.345
-16.575	-18.405
-16.665	-18.270
-16.695	-18.045
-16.710	-17.910
-16.635	-17.670
-16.485	-17.235
-16.470	-17.070
-16.545	-16.785
-16.635	-16.485
-16.725	-16.410
-16.725	-16.365
-16.755	-16.365
-16.770	-16.335
POLYLINE BLACK
-16.245	-19.125
-16.290	-19.035
-16.230	-18.915
POLYLINE BLACK
-16.125	-19.710
-16.230	-19.530
-16.245	-19.440
POLYLINE BLACK
-15.930	-20.130
-15.930	-20.100
-16.005	-19.980
POLYLINE BLACK
-13.785	-18.195
-13.815	-18.285
POLYLINE BLACK
-13.965	-18.195
-13.950	-18.225
POLYLINE BLACK
-14.235	-18.060
POLYLINE BLACK
-14.370	-18.000
POLYLINE BLACK
-14.625	-18.060
-14.595	-18.075
POLYLINE BLACK
-14.850	-18.030
-14.820	-18.030
-14.790	-18.075
POLYLINE BLACK
-15.000	-18.060
POLYLINE BLACK
-15.195	-18.150
-15.180	-18.180
POLYLINE BLACK
-15.375	-18.330
POLYLINE BLACK
-15.555	-18.525
-15.510	-18.600
POLYLINE BLACK
-15.765	-18.600
-15.765	-18.630
POLYLINE BLACK
-15.900	-18.720
-15.885	-18.750
POLYLINE BLACK
-16.035	-18.855
POLYLINE BLACK
-16.215	-19.005
-16.305	-19.065
POLYLINE BLACK
-16.140	-18.690
-16.095	-18.885
-16.215	-18.930
-16.320	-18.990
POLYLINE BLACK
-13.905	-18.120
-14.250	-17.940
-14.310	-17.910
-14.430	-17.895
-14.460	-17.910
-14.490	-17.895
-14.730	-17.925
-14.760	-17.925
-14.790	-17.955
-14.820	-17.940
-14.985	-18.000
-15.135	-18.060
-15.255	-18.150
-15.375	-18.285
-15.690	-18.540
-15.750	-18.555
-15.960	-18.675
-16.170	-18.915
POLYLINE BLACK
-15.360	-17.100
-15.450	-17.085
-15.480	-17.100
-15.510	-17.085
-15.645	-17.235
-15.615	-17.370
-15.645	-17.520
-15.600	-17.550
-15.540	-17.535
-15.450	-17.580
-15.315	-17.385
-15.285	-17.250
-15.330	-17.160
-15.450	-17.130
-15.480	-17.145
POLYLINE BLACK
-14.190	-14.760
-14.130	-14.910
-14.370	-15.090
-14.550	-15.150
-14.910	-14.970
-15.030	-15.030
-15.210	-15.000
-15.510	-14.880
-15.870	-14.850
-15.930	-14.880
-16.290	-14.700
-16.410	-14.730
-16.800	-14.520
-16.830	-14.280
-16.800	-14.220
POLYLINE BLACK
-14.010	-14.430
-14.100	-14.670
POLYLINE BLACK
-13.920	-14.070
POLYLINE BLACK
-13.800	-13.440
-13.830	-13.560
POLYLINE BLACK
-13.680	-12.930
-13.680	-13.050
POLYLINE BLACK
-13.020	-13.260
-12.930	-13.170
POLYLINE BLACK
-13.080	-13.560
-13.050	-13.410
POLYLINE BLACK
-13.260	-14.100
-13.200	-13.860
POLYLINE BLACK
-13.560	-14.820
-13.470	-14.700
POLYLINE BLACK
-13.350	-14.340
-13.380	-14.220
POLYLINE BLACK
-13.590	-14.760
-13.530	-14.700
POLYLINE BLACK
-12.900	-15.870
-12.870	-15.780
-13.110	-15.870
-13.290	-15.660
-13.350	-15.630
-13.410	-15.660
-13.680	-15.420
-13.620	-15.120
POLYLINE GREEN
-8.070	-15.930
POLYLINE GREEN
-6.870	-15.840
-6.840	-15.900
-6.900	-16.020
-6.900	-16.080
-6.660	-16.260
-6.720	-16.410
-6.900	-16.500
-6.990	-16.470
POLYLINE GREEN
-7.980	-15.780
-7.710	-15.720
-7.200	-15.750
POLYLINE GREEN
-7.950	-15.720
POLYLINE GREEN
-7.650	-15.780
POLYLINE GREEN
-7.950	-16.170
-7.770	-16.500
-7.710	-16.500
-7.530	-16.260
-7.530	-16.020
-7.740	-15.450
-7.410	-15.120
-7.500	-15.510
-7.500	-15.810
-7.320	-16.290
POLYLINE GREEN
-8.250	-16.410
-8.160	-16.830
-8.250	-16.230
-8.130	-16.050
-8.070	-16.050
-8.040	-16.410
POLYLINE GREEN
-8.370	-16.140
-8.640	-16.380
-8.610	-16.440
-8.460	-16.410
-8.430	-16.500
-8.520	-16.680
POLYLINE GREEN
-9.390	-15.540
-9.060	-15.570
-8.940	-15.600
-9.030	-15.990
-8.970	-16.050
-8.910	-16.020
-9.030	-16.290
-9.150	-16.380
POLYLINE GREEN
-11.970	-20.370
-12.180	-20.520
-12.330	-20.820
-12.210	-21.030
-11.910	-21.240
POLYLINE GREEN
-10.620	-17.340
-10.590	-17.070
-10.470	-17.010
-10.020	-17.460
POLYLINE GREEN
-8.850	-20.130
-8.670	-20.160
-8.430	-20.100
-8.370	-20.130
-8.310	-20.100
-8.250	-20.130
POLYLINE GREEN
-8.910	-20.520
-8.850	-20.550
-8.790	-19.470
-8.640	-19.650
-8.250	-20.400
-8.190	-20.430
POLYLINE GREEN
-9.360	-20.790
-9.360	-20.940
-9.150	-20.700
-9.150	-20.640
-9.210	-20.640
POLYLINE GREEN
-9.690	-19.740
-9.630	-19.740
-9.360	-19.500
-9.300	-19.470
-9.150	-19.710
-9.120	-19.830
-9.360	-20.400
POLYLINE GREEN
-12.330	-21.000
-11.670	-20.520
-11.460	-20.580
-11.220	-20.550
-10.710	-20.670
-10.320	-20.580
POLYLINE GREEN
-10.560	-16.650
-10.350	-17.730
-10.320	-18.060
-10.530	-18.390
-10.560	-18.690
-10.710	-19.050
-10.680	-19.470
-10.500	-20.070
-10.230	-20.430
POLYLINE BROWN
-11.640	-15.900
-11.730	-15.900
-11.760	-15.960
-11.640	-15.900
POLYLINE BROWN
-11.460	-16.080
-11.460	-16.230
-11.400	-16.260
-11.340	-16.200
-11.490	-16.110
POLYLINE BROWN
-11.490	-16.470
-11.490	-16.530
-11.430	-16.560
-11.370	-16.440
-11.400	-16.380
POLYLINE BROWN
-11.880	-16.980
-11.820	-16.860
-11.820	-16.740
-11.940	-16.710
POLYLINE BROWN
-12.150	-16.590
-12.180	-16.650
-12.120	-16.800
-12.060	-16.800
-11.970	-16.620
-12.060	-16.560
POLYLINE BROWN
-11.940	-16.020
-11.970	-16.080
-11.910	-16.080
-11.850	-15.960
-11.880	-15.870
-11.940	-15.870
-12.000	-15.930
POLYLINE BROWN
-11.580	-16.170
-11.670	-16.290
-11.610	-16.290
-11.550	-16.230
-11.640	-16.110
-11.820	-16.140
POLYLINE BROWN
-11.940	-16.320
-12.000	-16.440
-11.970	-16.530
-11.820	-16.290
-11.970	-16.170
-12.060	-16.260
POLYLINE BROWN
-11.790	-16.440
-11.850	-16.590
-11.640	-16.620
-11.550	-16.470
-11.610	-16.440
-11.730	-16.500
POLYLINE BLACK
-12.600	-15.270
-12.750	-15.420
-12.870	-15.840
POLYLINE BLACK
-11.670	-13.260
-11.760	-13.380
-11.820	-14.400
-11.940	-14.640
-12.540	-15.120
-12.600	-15.120
-12.750	-15.390
POLYLINE BLACK
-12.270	-18.480
-12.300	-18.540
POLYLINE BLACK
-12.570	-18.390
-12.570	-18.570
POLYLINE BLACK
-12.900	-18.270
-12.870	-18.450
POLYLINE BLACK
-13.200	-18.270
-13.230	-18.450
POLYLINE BLACK
-13.470	-18.270
-13.470	-18.360
POLYLINE BLACK
-13.710	-18.240
-13.800	-18.450
POLYLINE BLACK
-15.060	-19.230
POLYLINE BLACK
-15.270	-19.410
-15.270	-19.350
-15.210	-19.320
POLYLINE BLACK
-15.570	-19.860
-15.540	-20.070
-15.600	-20.070
-15.690	-19.890
-15.510	-19.620
POLYLINE BLACK
-15.690	-20.520
-15.750	-20.550
-15.810	-20.250
-15.750	-20.160
POLYLINE BLACK
-15.000	-20.670
-15.270	-20.880
-15.510	-20.850
-15.570	-20.790
-15.630	-20.850
POLYLINE BLACK
-15.030	-21.270
-15.000	-21.330
-15.060	-21.120
-15.240	-21.000
POLYLINE BLACK
-14.790	-21.900
-14.850	-21.930
-14.880	-21.870
POLYLINE BLACK
-14.730	-22.020
-14.730	-22.140
-14.790	-22.020
POLYLINE BLACK
-14.220	-21.990
-14.250	-22.110
-14.430	-22.260
POLYLINE BLACK
-13.620	-21.810
-13.770	-21.990
POLYLINE BLACK
-13.140	-21.210
-13.320	-21.480
POLYLINE BLACK
-12.870	-20.670
-12.900	-21.060
POLYLINE BLACK
-12.660	-20.160
-12.690	-20.280
POLYLINE BLACK
-12.360	-18.030
-12.270	-18.600
-12.510	-19.080
-12.600	-19.650
-12.690	-19.920
POLYLINE BLACK
-12.510	-18.690
-12.450	-18.810
-12.330	-18.540
-12.510	-18.480
-12.570	-18.510
-12.660	-18.330
-12.660	-18.270
-12.780	-18.210
-12.960	-18.180
-13.140	-18.210
-13.200	-18.180
-13.260	-18.210
-13.380	-18.150
-13.500	-18.120
-13.560	-18.150
-13.770	-18.060
-13.830	-18.090
-13.890	-18.060
-14.010	-18.090
POLYLINE BLACK
-11.190	-16.800
-11.160	-16.890
-11.190	-16.950
-11.250	-16.890
-11.520	-17.130
-11.640	-17.700
POLYLINE BLACK
-9.750	-14.040
POLYLINE BLACK
-9.810	-14.100
POLYLINE BLACK
-10.110	-14.310
-10.050	-14.280
POLYLINE BLACK
-10.200	-14.370
-10.170	-14.430
POLYLINE BLACK
-10.380	-14.730
-10.380	-14.670
-10.320	-14.730
POLYLINE BLACK
-10.470	-14.880
-10.410	-14.880
POLYLINE BLACK
-10.560	-15.180
-10.500	-15.180
POLYLINE BLACK
-10.740	-15.510
-10.620	-15.450
POLYLINE BLACK
-10.830	-15.630
POLYLINE BLACK
-10.890	-15.930
POLYLINE BLACK
-10.740	-15.750
POLYLINE BLACK
-10.590	-15.570
-10.530	-15.570
-10.500	-15.660
POLYLINE BLACK
-10.350	-15.300
-10.380	-15.360
POLYLINE BLACK
-11.010	-16.020
-10.980	-16.140
-10.410	-15.660
-10.290	-15.360
POLYLINE BLACK
-11.040	-16.230
-10.980	-16.230
-10.860	-16.140
POLYLINE BLACK
-10.800	-15.540
-10.860	-15.690
-11.070	-16.020
POLYLINE BLACK
-9.840	-14.730
-9.810	-14.790
-9.870	-14.790
-10.110	-15.120
-10.170	-15.330
-10.140	-15.630
-10.320	-16.110
-10.380	-16.320
-10.440	-16.290
-10.590	-16.530
-10.650	-16.590
-10.710	-16.560
-11.190	-16.830
-11.430	-16.860
-11.520	-17.070
-11.520	-17.130
POLYLINE BLACK
-9.360	-13.560
-9.300	-13.650
-9.690	-13.950
-9.750	-13.950
-9.840	-14.040
-9.990	-14.040
-10.440	-14.700
-10.800	-15.720
-10.830	-15.840
POLYLINE BLACK
-9.030	-13.740
POLYLINE BLACK
-9.240	-13.800
-9.210	-13.920
POLYLINE BLACK
-9.420	-13.770
-9.390	-13.830
POLYLINE BLACK
-9.810	-13.740
-9.750	-13.860
POLYLINE BLACK
-10.020	-13.500
-10.050	-13.890
POLYLINE BLACK
-10.560	-13.800
-10.500	-13.800
POLYLINE BLACK
-10.650	-13.830
-10.680	-13.770
POLYLINE BLACK
-11.070	-13.680
-11.070	-13.800
POLYLINE BLACK
-11.310	-13.500
-11.340	-13.680
POLYLINE BLACK
-11.610	-13.470
-11.580	-13.740
POLYLINE BLACK
-9.750	-13.530
-9.600	-13.710
-9.360	-13.800
-9.000	-13.620
-8.820	-13.590
-8.700	-13.620
-8.550	-13.500
-8.580	-13.440
POLYLINE BLACK
-10.680	-13.770
-10.710	-13.710
-10.650	-13.710
-10.620	-13.770
-10.560	-13.740
-10.500	-13.770
-10.440	-13.740
-10.320	-13.770
-10.080	-13.710
-9.840	-13.620
-9.570	-13.740
POLYLINE BLACK
-11.730	-13.380
-11.730	-13.560
-11.610	-13.470
-11.490	-13.500
-11.250	-13.470
-11.070	-13.560
-11.010	-13.530
-10.770	-13.620
POLYLINE BLACK
-8.280	-13.230
-8.340	-13.290
POLYLINE BLACK
-8.550	-13.290
POLYLINE BLACK
-8.970	-13.110
-8.940	-13.170
-8.970	-13.230
-8.940	-13.290
POLYLINE BLACK
-9.150	-13.170
-9.210	-13.230
POLYLINE BLACK
-9.480	-13.110
-9.510	-13.320
POLYLINE BLACK
-9.810	-13.140
-9.810	-13.200
POLYLINE BLACK
-9.930	-13.170
-9.960	-13.230
POLYLINE BLACK
-10.230	-13.020
POLYLINE BLACK
-10.530	-12.870
-10.530	-13.110
POLYLINE BLACK
-10.740	-12.900
-10.710	-13.020
-10.740	-13.110
POLYLINE BLACK
-11.040	-12.930
-10.980	-12.930
-10.980	-13.050
POLYLINE BLACK
-11.070	-13.020
-11.100	-12.960
-11.130	-13.020
POLYLINE BLACK
-11.310	-12.720
-11.370	-12.960
-11.340	-13.020
POLYLINE BLACK
-11.550	-12.630
-11.520	-12.810
-11.550	-12.900
POLYLINE BLACK
-11.760	-12.930
-11.790	-13.440
-11.700	-14.490
POLYLINE BLACK
-7.170	-13.200
-7.860	-13.560
-8.100	-13.590
-8.610	-13.890
-8.670	-13.860
-8.910	-13.950
-8.970	-13.920
-9.570	-14.310
-9.900	-14.850
POLYLINE BLACK
-14.640	-8.670
-14.640	-8.850
POLYLINE BLACK
-14.910	-8.550
-14.910	-8.610
-14.850	-8.670
POLYLINE BLACK
-15.840	-7.680
-15.810	-7.620
-15.570	-7.770
POLYLINE BLACK
-15.930	-7.950
-15.750	-8.100
POLYLINE BLACK
-16.230	-7.980
-16.080	-8.250
POLYLINE BLACK
-16.500	-8.040
-16.410	-8.280
-16.350	-8.310
POLYLINE BLACK
-16.680	-8.160
-16.590	-8.370
POLYLINE BLACK
-16.800	-8.160
-16.830	-8.310
POLYLINE BLACK
-17.010	-7.980
-17.040	-8.130
-17.010	-8.250
POLYLINE BLACK
-17.190	-7.860
-17.280	-8.040
POLYLINE BLACK
-17.400	-7.770
-17.460	-8.010
POLYLINE BLACK
-17.490	-8.580
-17.460	-8.340
-17.760	-7.680
POLYLINE GRAY
-19.500	-8.970
-19.560	-8.970
-19.590	-8.910
-19.620	-8.970
-19.800	-8.880
-20.070	-9.030
-20.220	-9.360
-20.190	-9.660
-20.040	-9.840
-19.710	-9.810
-19.410	-9.510
POLYLINE GRAY
-20.910	-9.360
-21.030	-9.270
-20.820	-8.940
-20.700	-8.940
-20.550	-9.060
-20.880	-9.840
-20.850	-10.140
POLYLINE GRAY
-15.900	-11.880
-15.870	-12.000
-16.020	-12.060
-16.740	-11.610
-17.070	-11.310
-17.550	-11.010
-17.940	-10.440
-18.720	-9.960
-18.780	-9.960
POLYLINE GRAY
-16.050	-11.310
POLYLINE GRAY
-16.020	-11.430
POLYLINE GRAY
-16.050	-11.340
POLYLINE GRAY
-14.880	-9.570
-14.850	-9.630
-15.600	-9.750
-15.660	-9.690
-15.690	-9.750
-15.810	-9.720
-15.930	-9.750
-15.990	-9.720
-16.050	-9.750
-16.110	-9.720
-16.170	-9.750
-16.230	-9.720
-16.290	-9.750
-16.350	-9.690
-16.410	-9.720
-16.530	-9.660
-17.010	-9.630
-17.580	-9.690
-17.700	-9.660
-17.880	-9.720
-18.300	-9.600
-18.420	-9.570
POLYLINE BROWN
-12.480	-9.840
-12.570	-9.960
-12.390	-9.810
-12.360	-9.750
-12.450	-9.720
-12.570	-9.810
POLYLINE BROWN
-14.430	-11.550
-14.250	-11.370
-14.400	-11.340
-14.520	-11.580
-14.220	-11.580
-14.070	-11.400
POLYLINE BROWN
-13.890	-10.260
-13.920	-10.440
-13.710	-10.230
-13.830	-10.050
POLYLINE BROWN
-18.390	-3.360
-18.450	-3.450
-18.450	-3.690
-18.330	-3.720
-18.270	-3.540
-18.300	-3.450
-18.360	-3.450
POLYLINE BROWN
-19.680	-4.860
-19.740	-4.890
-19.770	-5.100
-19.650	-4.890
-19.710	-4.830
POLYLINE BROWN
-17.400	-3.720
-17.400	-3.960
-17.310	-3.840
-17.370	-3.660
POLYLINE BROWN
-17.940	-5.160
-17.970	-5.280
-17.880	-5.310
-17.850	-5.250
-17.880	-5.040
POLYLINE BROWN
-16.890	-4.740
-16.770	-4.650
-16.770	-4.530
-16.830	-4.410
-16.950	-4.500
-16.980	-4.620
POLYLINE BROWN
-18.780	-5.430
-18.780	-5.550
-18.720	-5.580
-18.600	-5.460
-18.630	-5.340
-18.690	-5.340
POLYLINE BROWN
-18.990	-6.240
-19.020	-6.420
-18.870	-6.540
-18.810	-6.420
-18.840	-6.210
-18.960	-6.150
POLYLINE BROWN
-18.270	-6.750
-18.210	-7.110
-18.150	-6.960
-18.150	-6.900
-18.270	-6.810
POLYLINE BROWN
-16.650	-6.420
-16.620	-6.690
-16.590	-6.630
-16.650	-6.360
POLYLINE BROWN
-16.350	-7.380
-16.350	-7.500
-16.440	-7.380
POLYLINE BROWN
-17.040	-7.800
-16.830	-8.100
-16.740	-7.950
-16.830	-7.680
POLYLINE BROWN
-16.200	-7.020
-16.170	-7.380
-16.110	-7.380
-16.080	-7.230
-16.200	-6.990
POLYLINE BROWN
-16.620	-7.140
-16.680	-7.470
-16.650	-7.590
-16.590	-7.590
-16.530	-7.470
-16.560	-7.230
-16.650	-7.170
POLYLINE BROWN
-17.340	-7.140
-17.370	-7.200
-17.310	-7.200
-17.250	-7.140
-17.310	-7.110
POLYLINE BROWN
-17.280	-6.720
-17.340	-6.780
-17.280	-6.900
-17.220	-6.900
-17.160	-6.810
-17.340	-6.510
POLYLINE BROWN
-16.920	-5.730
-16.800	-5.970
-16.740	-5.970
-16.680	-5.700
-16.770	-5.640
-16.830	-5.670
POLYLINE BROWN
-17.550	-4.470
-17.580	-4.530
-17.520	-4.740
-17.460	-4.770
-17.400	-4.740
-17.340	-4.470
-17.430	-4.320
POLYLINE BROWN
-17.490	-5.490
-17.340	-5.730
-17.220	-5.640
-17.160	-5.490
-17.250	-5.340
-17.370	-5.340
-17.400	-5.400
POLYLINE BROWN
-18.120	-5.670
-18.030	-6.000
-17.970	-6.060
-17.850	-6.000
-17.910	-5.760
-17.970	-5.730
POLYLINE BROWN
-18.420	-6.300
-18.360	-6.480
-18.300	-6.390
-18.330	-6.270
-18.450	-6.270
POLYLINE BROWN
-19.260	-5.340
-19.350	-5.520
-19.260	-5.640
-19.140	-5.640
-19.080	-5.580
-19.170	-5.460
-19.230	-5.460
-19.290	-5.520
POLYLINE BROWN
-19.620	-3.570
-19.680	-3.570
-19.710	-3.630
-19.590	-3.660
-19.470	-3.570
-19.470	-3.510
-19.560	-3.390
POLYLINE BROWN
-17.940	-3.180
-17.940	-3.330
-17.880	-3.450
-17.760	-3.420
-17.700	-3.300
-17.730	-3.150
POLYLINE BROWN
-18.750	-2.520
-18.600	-2.790
-18.540	-2.760
-18.480	-2.790
-18.360	-2.580
-18.570	-2.550
POLYLINE BROWN
-18.570	-4.500
-18.450	-4.680
-18.300	-4.530
-18.330	-4.410
-18.450	-4.350
-18.540	-4.470
POLYLINE BROWN
-19.320	-4.500
-19.350	-4.680
-19.200	-4.770
-19.140	-4.770
-19.050	-4.650
-19.080	-4.530
-19.260	-4.470
-19.320	-4.530
POLYLINE BROWN
-19.740	-4.320
-19.800	-4.440
-19.740	-4.440
-19.620	-4.170
-19.650	-4.050
-19.710	-4.020
-19.860	-4.200
POLYLINE BROWN
-18.930	-2.370
-18.870	-2.370
POLYLINE BROWN
-19.020	-2.280
-19.080	-2.220
-19.080	-2.280
POLYLINE BROWN
-19.740	-2.460
-19.770	-2.670
POLYLINE BROWN
-19.770	-2.940
-19.800	-3.000
-19.770	-3.060
POLYLINE BROWN
-19.740	-3.120
POLYLINE BROWN
-19.770	-3.180
POLYLINE GRAY
-18.420	-4.110
-18.510	-3.330
-18.480	-2.970
POLYLINE GRAY
-18.840	-3.120
-18.840	-3.000
-18.720	-3.240
-18.180	-3.720
POLYLINE GRAY
-18.900	-4.110
-18.870	-4.230
-18.930	-4.230
-18.930	-4.290
POLYLINE GRAY
-19.320	-3.150
-19.470	-3.030
-19.410	-2.850
-19.350	-2.790
-19.080	-3.180
-19.050	-3.270
-19.200	-3.540
-19.110	-3.810
POLYLINE BLACK
-17.190	-8.160
-17.190	-8.220
-17.460	-8.070
-17.520	-8.070
-18.360	-7.320
-18.420	-7.290
-18.480	-7.320
-18.990	-6.870
-19.830	-5.790
-20.310	-4.710
-20.610	-4.020
-20.700	-3.420
-20.640	-2.850
-20.370	-2.250
-20.070	-1.920
-19.500	-1.710
-19.380	-1.650
-19.320	-1.680
-19.260	-1.650
-19.080	-1.800
-18.960	-1.770
-18.750	-1.590
-18.120	-1.770
-17.430	-2.340
-17.070	-2.820
-17.010	-2.820
-16.890	-2.880
-16.650	-3.330
-16.530	-3.870
-16.350	-4.680
-15.930	-5.820
-15.840	-6.300
-15.510	-7.320
POLYLINE BROWN
-14.940	-11.910
-15.000	-12.150
-14.940	-12.210
-14.790	-11.940
-14.850	-11.940
POLYLINE BROWN
-15.030	-11.880
-15.060	-11.940
-15.000	-11.880
POLYLINE BROWN
-14.640	-12.330
-14.610	-12.450
-14.460	-12.630
-14.430	-12.480
-14.520	-12.270
-14.640	-12.240
POLYLINE BROWN
-13.530	-12.420
POLYLINE BROWN
-12.870	-11.820
-12.930	-12.210
-12.810	-12.270
-12.690	-11.970
-12.780	-11.850
POLYLINE BROWN
-12.210	-11.370
-12.180	-11.970
-12.120	-11.970
-12.000	-11.760
-11.970	-11.550
-12.180	-11.400
POLYLINE BROWN
-11.280	-10.710
-11.340	-11.040
-11.280	-11.040
-11.190	-10.860
-11.310	-10.650
POLYLINE BROWN
-11.520	-9.720
-11.460	-10.080
-11.400	-10.110
-11.280	-9.900
-11.400	-9.720
-11.520	-9.720
POLYLINE BROWN
-12.120	-10.680
-12.030	-10.830
-11.850	-10.590
-11.850	-10.440
-11.940	-10.350
-12.000	-10.380
POLYLINE BROWN
-12.570	-10.260
-12.570	-10.500
-12.450	-10.440
-12.330	-10.110
-12.450	-10.110
-12.540	-10.260
POLYLINE BROWN
-13.230	-10.950
-13.140	-11.070
-13.020	-11.040
-12.870	-10.770
-12.990	-10.740
POLYLINE BROWN
-13.650	-10.950
-13.650	-11.010
-13.470	-10.860
-13.440	-10.770
-13.620	-10.770
POLYLINE BROWN
-14.460	-10.350
-14.490	-10.500
-14.430	-10.530
-14.370	-10.470
-14.370	-10.290
-14.430	-10.290
POLYLINE BROWN
-15.240	-10.560
-15.300	-10.560
-15.330	-10.620
-15.180	-10.470
-15.300	-10.560
POLYLINE BROWN
-15.450	-11.670
-15.480	-12.000
-15.300	-11.940
-15.300	-11.820
-15.360	-11.820
POLYLINE BROWN
-15.000	-10.920
-15.030	-11.100
-14.970	-11.130
-14.790	-11.010
-14.790	-10.920
-14.970	-10.980
POLYLINE BROWN
-17.100	-8.940
-17.070	-9.000
-17.100	-9.210
-17.040	-9.240
-16.950	-9.030
-16.980	-8.880
-17.100	-8.850
-17.160	-8.910
POLYLINE BROWN
-16.440	-10.410
-16.560	-10.680
-16.500	-10.680
-16.410	-10.500
-16.470	-10.440
POLYLINE BROWN
-16.080	-9.810
-16.170	-9.930
-16.200	-10.110
-16.140	-10.140
-16.080	-10.080
-16.050	-9.870
-16.080	-9.810
POLYLINE BROWN
-15.570	-9.510
-15.630	-9.540
-15.570	-9.540
-15.510	-9.480
-15.570	-9.450
-15.630	-9.480
POLYLINE BROWN
-13.020	-9.300
-12.990	-9.360
-12.930	-9.270
POLYLINE BROWN
-13.500	-9.150
-13.530	-9.270
-13.440	-9.330
-13.350	-9.120
-13.470	-9.120
POLYLINE BROWN
-13.950	-8.970
-14.070	-9.180
-14.010	-9.210
-13.830	-9.090
-13.830	-9.030
-13.890	-9.060
POLYLINE BROWN
-14.550	-8.850
-14.610	-9.060
-14.550	-9.060
-14.430	-8.760
-14.640	-8.760
-14.640	-8.820
POLYLINE BROWN
-15.360	-8.910
-15.360	-9.030
-15.300	-9.060
-15.150	-9.000
-15.090	-8.790
-15.240	-8.700
POLYLINE BROWN
-15.930	-9.120
-15.990	-9.390
-15.840	-9.330
-15.750	-9.120
-15.810	-9.030
POLYLINE BROWN
-16.470	-9.420
-16.500	-9.540
-16.440	-9.540
-16.380	-9.420
-16.440	-9.300
-16.500	-9.420
POLYLINE BROWN
-17.070	-9.390
-17.100	-9.450
-17.010	-9.660
-16.950	-9.420
-17.040	-9.300
POLYLINE BROWN
-17.460	-9.660
-17.520	-9.660
-17.610	-9.810
-17.550	-9.960
-17.400	-9.750
-17.490	-9.600
POLYLINE BROWN
-17.070	-10.140
-17.130	-10.110
-17.160	-10.230
-17.070	-10.350
-16.950	-10.170
-16.950	-10.110
-17.070	-10.080
POLYLINE BROWN
-16.680	-11.160
-16.830	-11.160
-16.830	-11.220
-16.770	-11.250
-16.680	-11.070
-16.950	-10.950
-16.950	-11.040
POLYLINE BROWN
-16.500	-11.160
-16.590	-11.340
-16.470	-11.340
-16.470	-11.130
-16.530	-11.130
POLYLINE BLACK
-12.420	-9.510
-12.360	-9.570
POLYLINE BLACK
-12.660	-9.540
-12.630	-9.750
-12.600	-9.810
POLYLINE BLACK
-13.140	-9.570
-12.990	-9.750
POLYLINE BLACK
-13.380	-9.570
-13.440	-9.720
POLYLINE BLACK
-13.650	-9.510
-13.680	-9.750
POLYLINE BLACK
-13.980	-9.450
-13.980	-9.630
POLYLINE BLACK
-14.250	-9.390
-14.280	-9.840
POLYLINE BLACK
-14.640	-9.630
-14.580	-9.930
-14.550	-9.870
POLYLINE BLACK
-14.940	-9.840
-14.970	-9.780
-14.880	-9.990
POLYLINE BLACK
-15.270	-9.990
-15.210	-10.170
POLYLINE BLACK
-15.540	-10.170
-15.480	-10.380
POLYLINE BLACK
-15.630	-10.440
-15.630	-10.500
-15.540	-10.620
POLYLINE BLACK
-15.750	-10.680
-15.570	-10.920
POLYLINE BLACK
-15.930	-10.980
-15.750	-11.070
-15.630	-11.100
POLYLINE BLACK
-15.900	-11.340
-15.780	-11.340
POLYLINE BLACK
-15.900	-11.550
-15.840	-11.580
POLYLINE BLACK
-15.900	-11.880
-15.690	-11.880
POLYLINE BLACK
-15.990	-12.000
-15.990	-12.060
-16.080	-11.790
-16.020	-11.220
-15.690	-10.230
-15.480	-9.960
-15.420	-9.960
-14.940	-9.660
-14.940	-9.600
-14.760	-9.480
-14.700	-9.510
-14.160	-9.420
-13.620	-9.540
-13.560	-9.510
-13.230	-9.660
-13.110	-9.630
-12.990	-9.690
-12.810	-9.630
-12.750	-9.660
-12.480	-9.420
-12.480	-9.360
POLYLINE BLACK
-17.580	-8.700
-17.490	-9.000
-17.730	-9.180
-17.790	-9.360
-17.760	-9.510
-17.820	-9.630
-17.850	-10.170
-17.760	-10.740
-17.280	-11.310
-16.860	-11.700
-16.410	-11.940
-16.230	-12.030
-16.170	-12.030
-15.600	-12.300
-15.120	-12.450
-14.550	-12.780
-14.010	-12.840
-13.890	-12.780
-13.680	-12.810
-13.500	-12.900
-13.050	-12.990
-12.930	-12.900
-12.870	-12.960
-12.810	-12.930
-12.720	-12.960
-12.300	-12.810
-12.120	-12.870
-12.000	-12.840
-11.970	-12.900
-11.910	-12.870
-11.790	-12.930
-11.670	-12.900
-11.610	-12.930
POLYLINE BLACK
-17.400	-8.460
-17.400	-8.520
-17.610	-8.850
-17.670	-9.180
-17.640	-9.240
POLYLINE BLACK
-17.400	-8.580
POLYLINE BLACK
-17.040	-8.670
-17.100	-8.670
-17.160	-8.790
POLYLINE BLACK
-16.800	-8.700
-16.890	-8.790
POLYLINE BLACK
-16.560	-8.700
-16.620	-8.700
-16.650	-8.760
POLYLINE BLACK
-16.320	-8.700
-16.380	-8.700
-16.440	-8.760
POLYLINE BLACK
-16.170	-8.760
-16.200	-8.820
POLYLINE BLACK
-15.990	-8.670
-15.990	-8.730
POLYLINE BLACK
-15.690	-8.640
-15.780	-8.760
POLYLINE BLACK
-15.360	-8.580
-15.480	-8.670
POLYLINE BLACK
-15.300	-8.460
-15.210	-8.640
POLYLINE BLACK
-15.510	-7.470
-15.330	-7.920
-14.970	-8.220
-14.730	-8.340
-14.670	-8.340
-14.130	-8.580
POLYLINE BLACK
-17.370	-7.830
-17.370	-7.830
-17.400	-7.590
POLYLINE BLACK
-15.600	-7.290
-15.510	-7.650
-15.870	-8.280
-16.230	-8.460
-16.290	-8.430
-16.770	-8.520
-17.040	-8.370
-17.340	-8.040
-17.430	-7.830
POLYLINE BLACK
-11.070	-9.480
-11.070	-9.540
-11.430	-9.450
-11.610	-9.420
-11.970	-9.300
-12.030	-9.300
-12.150	-9.240
-12.390	-9.270
-12.750	-9.060
-13.050	-8.910
-13.170	-8.940
-13.890	-8.610
-13.950	-8.610
-14.010	-8.550
-14.430	-8.640
-14.790	-8.550
-14.910	-8.580
-15.150	-8.490
-15.330	-8.580
-15.390	-8.550
-15.720	-8.580
-15.780	-8.550
-16.020	-8.610
-16.080	-8.580
-16.380	-8.640
-16.440	-8.610
-16.680	-8.700
-17.100	-8.580
-17.280	-8.550
-17.460	-8.460
-17.580	-8.490
POLYLINE BLACK
-7.260	-13.110
POLYLINE BLACK
-8.670	-13.140
-8.700	-13.350
-8.670	-13.410
POLYLINE BLACK
-8.910	-13.110
-8.910	-13.290
POLYLINE BLACK
-9.150	-12.990
-9.180	-13.260
POLYLINE BLACK
-9.390	-13.020
-9.420	-13.200
POLYLINE BROWN
-7.860	-12.780
-7.770	-13.020
-7.710	-13.080
-7.620	-12.960
-7.650	-12.750
POLYLINE BROWN
-8.460	-11.940
-8.370	-12.180
-8.220	-12.030
-8.220	-11.880
-8.280	-11.850
POLYLINE BROWN
-8.700	-12.930
-8.670	-13.140
-8.610	-13.140
-8.460	-12.810
-8.490	-12.750
POLYLINE BROWN
-8.910	-12.210
-8.880	-12.510
-8.640	-12.240
-8.730	-12.090
POLYLINE BROWN
-9.570	-11.670
-9.630	-12.030
-9.600	-12.120
-9.420	-11.970
-9.360	-11.820
-9.450	-11.700
POLYLINE BROWN
-10.590	-12.660
-10.560	-12.930
-10.500	-12.930
-10.530	-12.510
POLYLINE BROWN
-11.100	-12.180
-11.130	-12.510
-11.070	-12.570
-10.980	-12.420
-10.980	-12.120
-11.040	-12.120
POLYLINE BROWN
-10.740	-10.140
-10.800	-10.350
-10.710	-10.440
-10.590	-10.320
-10.590	-9.960
-10.770	-9.900
-10.830	-10.050
POLYLINE BROWN
-10.410	-10.530
-10.500	-10.920
-10.500	-10.980
-10.440	-10.980
-10.230	-10.710
-10.290	-10.560
POLYLINE BROWN
-10.740	-11.310
-10.770	-11.790
-10.620	-11.850
-10.440	-11.640
-10.440	-11.550
-10.650	-11.460
POLYLINE BROWN
-10.320	-11.160
-10.320	-11.220
-10.380	-11.190
-10.590	-11.340
POLYLINE BROWN
-9.150	-10.230
-9.090	-10.500
-8.940	-10.380
-8.880	-10.230
-8.970	-10.140
POLYLINE BROWN
-9.720	-9.840
-9.780	-10.110
-9.660	-10.380
-9.630	-10.530
-9.450	-10.320
-9.390	-10.140
-9.660	-9.900
POLYLINE BLACK
-9.390	-9.540
-9.570	-9.480
-9.750	-9.510
-9.810	-9.480
-9.930	-9.510
-9.990	-9.480
-10.320	-9.510
-10.500	-9.450
-10.620	-9.510
-10.680	-9.480
-10.740	-9.510
-10.860	-9.420
-11.130	-9.480
-11.190	-9.540
POLYLINE BLACK
-7.560	-13.230
-7.560	-13.290
-7.620	-13.260
-8.100	-13.320
-8.220	-13.290
-8.400	-13.380
-8.460	-13.350
-8.610	-13.410
-9.000	-13.320
-9.510	-13.260
-9.750	-13.200
-9.930	-13.170
-9.990	-13.200
-10.230	-13.110
-10.290	-13.140
-10.350	-13.110
-10.410	-13.140
-10.470	-13.080
-10.530	-13.110
-11.220	-12.990
-11.580	-12.930
-11.640	-12.870
-11.700	-12.900
-11.730	-12.840
POLYLINE BROWN
-9.720	-11.340
-9.780	-11.340
-9.960	-11.070
-9.930	-10.680
-9.870	-10.650
-9.540	-10.800
-9.420	-10.800
-9.360	-10.860
POLYLINE BROWN
-9.780	-10.740
-9.840	-10.770
-9.300	-11.430
-9.030	-11.670
-9.000	-11.730
POLYLINE BLUE
-6.810	-8.370
-6.660	-8.790
-6.270	-8.520
-6.270	-8.580
POLYLINE BLUE
-6.300	-7.860
-6.510	-7.920
-6.540	-8.100
-6.450	-8.370
-6.630	-8.580
POLYLINE BLACK
-6.840	-8.160
-6.930	-8.220
-6.990	-8.190
-7.050	-8.220
-7.230	-8.130
-7.680	-8.340
-7.770	-8.340
-8.040	-8.520
-8.160	-8.700
-8.190	-9.270
-8.160	-9.390
-8.220	-9.510
-8.280	-9.510
-8.340	-9.630
-8.340	-9.630
-8.340	-9.630
-8.370	-9.570
-8.370	-9.630
-8.490	-9.540
-8.610	-9.630
-8.730	-9.570
-9.570	-9.480
POLYLINE BROWN
-7.920	-11.220
-7.950	-11.340
-7.860	-11.610
-7.770	-11.700
-7.650	-11.520
-7.650	-11.280
-7.710	-11.220
POLYLINE BROWN
-7.050	-12.150
-7.170	-12.420
-7.050	-12.390
-6.960	-12.180
-6.960	-12.120
-7.020	-12.150
POLYLINE BROWN
-7.110	-11.040
-7.050	-11.250
-7.140	-11.580
-7.080	-11.610
-6.870	-11.340
-6.900	-11.010
-6.960	-10.890
-7.110	-10.860
-7.140	-10.920
POLYLINE BROWN
-7.920	-10.500
-7.860	-10.500
-7.680	-10.590
-7.620	-10.560
-7.590	-10.620
-7.530	-10.590
-7.470	-10.620
-7.290	-10.500
POLYLINE BROWN
-7.710	-11.790
-7.590	-12.150
-7.410	-12.180
-7.290	-12.090
-7.260	-11.880
-7.410	-11.730
POLYLINE BROWN
-8.280	-11.370
-8.310	-11.520
-8.190	-11.580
-8.070	-11.520
-8.010	-11.280
-8.100	-11.160
POLYLINE BROWN
-8.550	-10.560
-8.520	-10.620
-8.550	-10.680
-8.430	-10.710
-8.310	-10.620
-8.250	-10.410
-8.400	-10.320
-8.490	-10.380
POLYLINE BROWN
-9.030	-11.310
-9.180	-11.520
-9.180	-11.580
-9.000	-11.520
-8.880	-11.400
-8.820	-11.070
-8.940	-10.920
-9.030	-10.920
POLYLINE BROWN
-8.280	-12.540
-8.340	-12.540
-8.430	-12.750
-8.220	-12.720
-8.190	-12.600
-8.250	-12.450
POLYLINE BROWN
-9.360	-12.510
-9.510	-12.750
-9.420	-12.870
-9.210	-12.840
-9.120	-12.720
-9.150	-12.570
-9.270	-12.450
-9.390	-12.450
POLYLINE BROWN
-10.140	-12.150
-10.050	-12.420
-9.990	-12.450
-9.840	-12.210
-10.050	-12.030
-10.230	-12.060
-10.290	-12.210
POLYLINE BROWN
-7.440	-10.410
-7.440	-10.470
-7.500	-10.440
-7.860	-10.500
-7.920	-10.500
-7.920	-10.680
-7.590	-10.860
-7.410	-10.710
-7.170	-10.620
-7.200	-10.500
-7.320	-10.470
POLYLINE BROWN
-7.950	-9.690
-7.980	-10.170
-7.680	-10.260
-7.620	-10.260
-7.500	-10.320
-7.320	-10.350
-7.050	-10.230
-6.990	-10.080
-6.660	-10.020
-6.510	-9.810
-6.570	-9.540
-6.750	-9.510
-6.810	-9.540
-6.960	-9.510
-7.080	-9.540
-7.140	-9.510
-7.860	-9.630
-7.920	-9.690
POLYLINE BROWN
-6.450	-9.750
-6.570	-9.690
-6.630	-9.720
-6.750	-9.660
-6.810	-9.690
-6.930	-9.660
-7.050	-9.720
-7.110	-9.720
-7.230	-9.660
-7.290	-9.690
-7.350	-9.660
-7.740	-9.720
-7.800	-9.720
POLYLINE BLACK
-6.930	-8.220
-6.930	-8.280
-6.630	-8.490
-6.450	-8.940
-6.360	-9.090
-6.120	-9.690
-6.090	-10.290
-6.150	-10.680
-6.570	-11.340
-6.540	-12.150
-6.660	-12.390
-7.200	-13.170
-7.320	-13.200
-7.530	-13.320
-7.710	-13.320

ELEVATION
STATIONS
0.000	0.000	1.0
-3.903	-0.206	1.1
-9.679	-0.668	1.2
-16.199	-5.109	1.3
-18.031	-16.406	1.4
-22.766	-17.981	1.5
-29.205	-23.610	1.6
-29.556	-18.253	1.7
-36.367	-19.010	1.8
-22.454	-14.202	1.9
-26.081	-14.418	1.10
-33.311	-12.917	1.11
-33.473	-11.670	1.12
-36.518	-10.916	1.13
-38.137	-10.558	1.14
-41.950	-18.391	1.15
-38.183	-11.182	1.16
SHOTS
-33.473	-11.670	-38.183	-11.182
-38.137	-10.558	-41.950	-18.391
-36.518	-10.916	-38.137	-10.558
-33.473	-11.670	-36.518	-10.916
-36.518	-10.916	-36.950	-7.176
-36.518	-10.916	-37.195	-11.658
-33.311	-12.917	-33.473	-11.670
-33.473	-11.670	-35.485	-15.066
-33.473	-11.670	-34.557	-11.637
-26.081	-14.418	-33.311	-12.917
-33.311	-12.917	-28.961	-14.283
-33.311	-12.917	-33.352	-12.890
-33.311	-12.917	-32.522	-12.913
-33.311	-12.917	-34.197	-12.162
-33.311	-12.917	-33.052	-9.912
-22.454	-14.202	-26.081	-14.418
-26.081	-14.418	-26.982	-13.907
-26.081	-14.418	-27.325	-11.235
-26.081	-14.418	-26.154	-16.323
-26.081	-14.418	-27.318	-16.522
-26.081	-14.418	-28.625	-16.169
-18.031	-16.406	-22.454	-14.202
-22.454	-14.202	-22.694	-13.941
-22.454	-14.202	-23.068	-13.835
-22.454	-14.202	-21.596	-7.468
-22.454	-14.202	-24.524	-16.865
-22.454	-14.202	-25.484	-14.874
-29.556	-18.253	-36.367	-19.010
-22.766	-17.981	-29.556	-18.253
-29.556	-18.253	-30.788	7.541
-29.556	-18.253	-29.552	-17.690
-22.766	-17.981	-29.205	-23.610
-18.031	-16.406	-22.766	-17.981
-22.766	-17.981	-25.706	1.640
-22.766	-17.981	-20.869	-17.429
-22.766	-17.981	-21.609	-20.928
-22.766	-17.981	-21.454	-20.849
-22.766	-17.981	-27.537	-20.071
-22.766	-17.981	-29.736	-18.852
-16.199	-5.109	-18.031	-16.406
-18.031	-16.406	-17.185	-16.100
-18.031	-16.406	-17.817	-17.952
-18.031	-16.406	-20.301	-4.593
-18.031	-16.406	-16.197	-15.626
-18.031	-16.406	-20.211	-16.574
-18.031	-16.406	-21.962	-16.988
-9.679	-0.668	-16.199	-5.109
-16.199	-5.109	-16.977	1.092
-16.199	-5.109	-16.175	-5.101
-16.199	-5.109	-17.630	-1.412
-3.903	-0.206	-9.679	-0.668
-9.679	-0.668	-12.045	-1.002
-9.679	-0.668	-8.642	10.060
-9.679	-0.668	-10.050	-2.210
0.000	0.000	-3.903	-0.206
-3.903	-0.206	-4.062	9.537
POLYLINE BLACK
-10.700	-2.800
-10.300	-2.700
POLYLINE BLACK
-12.500	-3.800
-12.300	-3.600
POLYLINE BLACK
-14.600	-5.200
-14.500	-5.400
-14.400	-5.000
-14.000	-4.500
POLYLINE BLACK
0.100	-1.600
-0.800	-2.000
-1.200	-1.900
-2.200	-2.000
-3.000	-1.500
-5.200	-2.200
-6.500	-1.700
-6.900	-1.800
-7.300	-1.700
-7.500	-1.800
-7.700	-1.700
-8.100	-1.900
-8.700	-2.000
-8.900	-2.100
-9.300	-2.000
-9.500	-2.200
-10.100	-2.100
POLYLINE BLACK
-13.200	5.400
-12.700	6.800
-12.100	7.900
POLYLINE BLACK
-15.300	3.500
-15.200	3.000
-13.500	6.900
-13.300	7.100
POLYLINE BLACK
-16.200	3.000
-14.600	6.700
-14.100	7.500
POLYLINE BLACK
-9.200	11.300
-8.800	10.700
-9.000	10.500
POLYLINE BLACK
-9.900	11.100
POLYLINE BLACK
-10.300	12.700
-10.200	12.400
-10.300	11.200
-10.000	10.900
POLYLINE BLACK
-10.900	11.100
-11.300	11.000
-11.500	10.600
-11.200	10.500
-10.800	10.600
POLYLINE BLACK
-12.800	10.900
-13.000	10.700
-12.300	11.400
-12.300	11.600
-12.900	11.200
-12.800	10.800
-12.400	10.400
-11.800	10.600
POLYLINE BLACK
-14.000	10.700
-14.100	8.900
-14.000	11.300
-13.600	11.400
-13.400	10.900
-13.500	10.100
-13.900	10.000
POLYLINE BLACK
-15.000	11.400
-15.500	10.800
-14.900	10.400
-15.400	9.900
POLYLINE BLACK
-18.200	10.600
-18.500	10.000
-18.300	9.600
-17.500	9.500
-16.800	10.400
-16.700	11.100
-16.900	10.700
-17.000	10.000
-16.400	9.700
POLYLINE BLACK
-19.200	10.900
-19.400	11.000
-20.000	10.300
-19.100	9.800
-18.900	9.900
-19.000	9.500
-19.500	9.000
POLYLINE BLACK
-11.300	16.600
-10.800	16.000
-10.900	14.000
-10.500	13.800
POLYLINE BLACK
-11.300	14.100
-11.900	14.500
-12.500	14.300
-12.800	13.600
-12.100	13.400
-12.100	13.600
-11.800	13.300
-11.300	13.400
-11.000	13.800
POLYLINE BLACK
-14.200	14.600
-14.200	14.800
-14.300	13.700
-13.500	14.300
-13.500	14.500
-13.300	14.700
-13.400	13.600
POLYLINE BLACK
-15.300	14.600
-15.300	14.800
-15.400	14.600
-15.000	13.800
-15.300	13.400
POLYLINE BLACK
-17.800	14.600
-17.900	14.200
-17.800	13.900
-17.600	13.900
-17.400	13.700
-16.700	14.300
-16.600	14.500
-16.700	14.700
-17.100	13.700
-16.700	13.400
-16.300	13.600
POLYLINE BLACK
-18.100	13.800
-17.200	13.900
-17.200	14.100
-16.900	13.900
POLYLINE BLACK
-20.100	13.200
-20.000	12.600
-19.600	13.100
-19.800	13.200
POLYLINE BLACK
-20.600	13.300
POLYLINE BLACK
-21.400	14.500
-21.500	13.400
-21.000	12.500
POLYLINE BLACK
-16.300	2.300
-16.900	3.300
-16.600	5.100
-15.300	6.900
-15.100	7.700
-14.600	7.800
-13.600	7.700
-13.400	7.800
-13.100	7.700
-11.500	8.000
-11.100	7.900
POLYLINE BLACK
-11.800	7.400
-11.700	7.200
POLYLINE BLACK
-10.800	3.400
-10.300	3.400
POLYLINE BLACK
-10.400	3.300
-10.500	2.400
POLYLINE BLACK
-11.600	3.500
-11.700	2.800
POLYLINE BLACK
-12.200	3.600
-11.500	3.600
POLYLINE BLACK
-13.200	3.900
-13.100	3.700
-13.300	3.000
POLYLINE BLACK
-13.300	4.200
-13.100	3.800
-13.000	3.400
POLYLINE BLACK
-13.400	4.100
-13.500	3.900
-12.900	3.700
POLYLINE BROWN
-6.700	0.500
-6.700	0.300
-8.000	-1.000
-6.700	-1.500
-6.500	-1.400
-5.800	-1.600
-5.100	-1.100
-4.700	0.200
-5.900	0.800
-6.500	0.600
POLYLINE BROWN
-6.900	0.000
-6.900	-0.200
POLYLINE BLACK
-9.700	-0.900
-9.900	-1.600
POLYLINE BLACK
-10.500	-0.500
-9.400	-0.600
POLYLINE BLACK
-11.500	-0.900
-11.700	-1.500
POLYLINE BLACK
-12.200	-1.000
-11.700	-1.200
-11.100	-1.000
POLYLINE BLACK
-13.200	-1.300
POLYLINE BLACK
-13.700	-1.100
-12.900	-1.100
POLYLINE BLACK
-14.600	-1.100
-14.800	-1.800
POLYLINE BLACK
-15.000	-1.100
-15.000	-1.100
-14.600	-1.200
-14.400	-1.100
POLYLINE BLACK
-11.600	-3.100
-11.400	-3.200
POLYLINE BLACK
-12.700	-3.700
-12.700	-3.900
-12.600	-3.700
POLYLINE BLACK
-14.100	-4.600
POLYLINE BLACK
-23.500	-17.800
-23.600	-18.000
-21.800	-18.400
-20.100	-18.300
-19.300	-18.000
-18.700	-17.900
-18.500	-18.000
-18.300	-17.700
-18.100	-17.800
-17.900	-17.700
-17.300	-17.800
-16.100	-16.500
-15.400	-12.500
-15.300	-11.200
-15.500	-10.400
-15.200	-8.200
-15.300	-7.100
-15.200	-6.200
-15.300	-6.000
POLYLINE BLACK
-17.200	0.200
-18.400	-2.000
-19.100	-2.900
-20.600	-4.500
-20.900	-5.100
-21.100	-5.100
-22.200	-5.700
-23.400	-5.800
-24.200	-6.200
POLYLINE BLACK
-20.300	2.900
-22.800	3.100
POLYLINE BLACK
-24.200	4.300
-24.200	4.100
-24.600	4.300
-24.800	4.300
POLYLINE BLACK
-22.300	2.500
-22.500	2.700
POLYLINE BLACK
1.000	9.100
0.100	8.900
-0.100	9.000
-0.900	8.900
-1.300	9.000
-1.500	8.900
-3.300	9.500
-4.900	10.000
-5.200	9.900
-6.800	10.300
-7.000	10.200
-7.600	10.400
-9.600	8.900
-12.100	6.200
-12.900	5.800
-14.000	3.800
-15.500	2.100
-15.700	2.100
-16.500	1.700
-17.100	1.800
-17.700	1.500
-18.600	1.700
-19.000	1.800
-19.400	2.200
