FIX
1.0	0.000	0.000	0.000
TRIP
DATE 2009-06-27 
DECLINATION     0.00
DATA
1.0	1.1	132.71	28.19	1.649	>
1.1		307.83	66.14	0.798	>
1.1		307.03	11.85	1.125	>
1.1		346.53	-53.99	1.007	>
1.1		318.49	9.29	1.202	>
1.1		281.71	-25.89	1.342	>
1.1		14.80	5.64	2.454	>
1.1	1.2	254.55	-31.27	3.541	>
1.2		160.94	58.81	0.503	>
1.2		160.16	-3.56	0.467	>
1.2		102.96	-79.78	0.653	>
1.2		339.65	-2.77	0.351	>
1.2		310.80	-36.91	5.741	>
1.2		315.13	-44.55	2.572	>
1.2		287.76	-45.53	0.838	>
1.2	1.3	239.35	-27.99	2.146	>
1.3		326.54	53.26	0.691	>
1.3		340.68	40.16	1.285	>
1.3		355.18	19.12	0.894	>
1.3		1.71	-3.48	0.774	>
1.3		2.71	-35.06	0.646	>
1.3		343.70	-25.80	3.770	>
1.3		335.31	-24.83	1.791	>
1.3		323.92	-30.84	3.691	>
1.3	1.4	309.91	-29.63	2.604	>
1.4		179.57	3.47	0.661	>
1.4		184.11	58.64	0.830	>
1.4		230.75	67.65	0.482	>
1.4		149.14	-53.39	0.461	>
1.4		243.81	-15.82	1.691	>
1.4	1.5	217.53	-7.44	0.927	>
1.5		329.11	-53.64	6.195	>
1.5		328.94	-53.54	6.266	>
1.5		329.04	-53.76	6.281	>
1.5		326.70	-49.96	6.070	>
1.5	1.6	326.20	-50.14	6.219	>
1.5	1.7	158.50	19.96	1.922	>
1.7		63.00	15.01	0.490	>
1.7		69.47	58.29	0.591	>
1.7		84.29	-53.49	0.321	>
1.7		256.83	-56.24	0.403	>
1.7	1.8	163.46	18.07	2.003	>
1.8		89.63	6.10	0.622	>
1.8		120.99	51.15	0.684	>
1.8		130.10	-66.39	0.372	>
1.8		229.94	-70.57	2.121	>
1.8	1.9	172.44	2.31	3.057	>
1.9		30.76	-11.03	0.486	>
1.9		68.20	69.31	1.296	>
1.9		78.05	-84.57	2.043	>
1.9		317.52	25.12	0.551	>
1.9		63.33	-48.22	2.906	>
1.9	1.10	107.80	15.73	2.239	>
1.9	1.11	231.89	-13.82	4.521	>

PLAN
STATIONS
0.000	0.000	1.0
1.068	-0.986	1.1
-1.849	-1.792	1.2
-3.479	-2.758	1.3
-5.215	-1.306	1.4
-5.775	-2.035	1.5
-7.992	1.277	1.6
-5.113	-3.716	1.7
-4.571	-5.541	1.8
-4.169	-8.569	1.9
-2.117	-9.228	1.10
-7.623	-11.278	1.11
SHOTS
-4.169	-8.569	-7.623	-11.278
-4.169	-8.569	-2.117	-9.228
-4.571	-5.541	-4.169	-8.569
-4.169	-8.569	-3.925	-8.159
-4.169	-8.569	-3.744	-8.399
-4.169	-8.569	-3.980	-8.529
-4.169	-8.569	-4.506	-8.201
-4.169	-8.569	-2.439	-7.700
-5.113	-3.716	-4.571	-5.541
-4.571	-5.541	-3.953	-5.537
-4.571	-5.541	-4.203	-5.762
-4.571	-5.541	-4.457	-5.637
-4.571	-5.541	-5.111	-5.995
-5.775	-2.035	-5.113	-3.716
-5.113	-3.716	-4.691	-3.501
-5.113	-3.716	-4.822	-3.607
-5.113	-3.716	-4.923	-3.697
-5.113	-3.716	-5.331	-3.767
-5.775	-2.035	-7.992	1.277
-5.215	-1.306	-5.775	-2.035
-5.775	-2.035	-7.661	1.117
-5.775	-2.035	-7.696	1.155
-5.775	-2.035	-7.685	1.149
-5.775	-2.035	-7.919	1.229
-3.479	-2.758	-5.215	-1.306
-5.215	-1.306	-5.210	-1.966
-5.215	-1.306	-5.246	-1.737
-5.215	-1.306	-5.357	-1.422
-5.215	-1.306	-5.074	-1.542
-5.215	-1.306	-6.675	-2.024
-1.849	-1.792	-3.479	-2.758
-3.479	-2.758	-3.707	-2.413
-3.479	-2.758	-3.804	-1.831
-3.479	-2.758	-3.550	-1.916
-3.479	-2.758	-3.456	-1.986
-3.479	-2.758	-3.454	-2.230
-3.479	-2.758	-4.432	0.500
-3.479	-2.758	-4.158	-1.281
-3.479	-2.758	-5.345	-0.197
1.068	-0.986	-1.849	-1.792
-1.849	-1.792	-1.764	-2.038
-1.849	-1.792	-1.691	-2.230
-1.849	-1.792	-1.736	-1.818
-1.849	-1.792	-1.971	-1.463
-1.849	-1.792	-5.324	1.208
-1.849	-1.792	-3.142	-0.493
-1.849	-1.792	-2.408	-1.613
0.000	0.000	1.068	-0.986
1.068	-0.986	0.813	-0.788
1.068	-0.986	0.189	-0.323
1.068	-0.986	0.930	-0.410
1.068	-0.986	0.282	-0.098
1.068	-0.986	-0.114	-0.741
1.068	-0.986	1.692	1.375
POLYLINE GRAY
-4.760	-4.845
-4.775	-4.785
POLYLINE GRAY
-4.730	-5.070
-4.715	-5.010
-4.730	-4.980
POLYLINE GRAY
-4.610	-5.280
-4.655	-5.145
-4.715	-5.085
POLYLINE GRAY
-4.520	-5.610
-4.565	-5.460
POLYLINE GRAY
-4.475	-5.790
-4.460	-5.730
POLYLINE GRAY
-4.505	-6.045
-4.490	-5.955
POLYLINE GRAY
-4.580	-6.120
POLYLINE GRAY
-4.580	-6.345
-4.565	-6.375
-4.565	-6.315
POLYLINE GRAY
-4.550	-6.690
-4.550	-6.525
POLYLINE GRAY
-4.550	-6.975
-4.550	-6.855
POLYLINE GRAY
-4.490	-7.260
-4.505	-7.170
POLYLINE GRAY
-4.445	-7.530
-4.475	-7.440
POLYLINE GRAY
-4.355	-7.860
-4.370	-7.755
POLYLINE BLUE
-2.105	-7.470
-2.075	-7.470
-2.000	-7.395
POLYLINE BLUE
-2.090	-7.440
-2.060	-7.440
-2.075	-7.470
-1.985	-7.590
POLYLINE BLUE
-1.835	-7.620
-1.790	-7.560
-1.880	-7.500
-1.970	-7.515
-2.015	-7.545
-2.045	-7.530
POLYLINE BLACK
-3.230	-8.130
-3.230	-8.160
-3.050	-8.175
-2.900	-8.130
-2.735	-8.010
-2.735	-7.965
-2.570	-7.830
-2.345	-7.665
-2.225	-7.635
-2.210	-7.575
-2.285	-7.440
-2.405	-7.425
-2.525	-7.620
-2.885	-7.755
-3.080	-7.875
-3.260	-7.950
-3.290	-7.935
-3.500	-8.010
POLYLINE BLACK
-3.605	-7.935
-3.575	-7.995
-3.605	-8.055
-3.470	-8.010
POLYLINE BLACK
-3.785	-8.430
-3.755	-8.460
-3.575	-8.310
-3.230	-8.190
POLYLINE BLACK
-3.995	-7.995
-3.800	-8.145
-3.770	-8.160
-3.740	-8.145
-3.710	-8.160
-3.680	-8.145
-3.650	-8.160
-3.470	-8.055
POLYLINE BLACK
-3.815	-8.400
-3.680	-8.580
-3.215	-8.745
-2.960	-8.790
-2.705	-8.835
-2.675	-8.820
-2.615	-8.865
-2.585	-8.850
-2.405	-8.895
-2.300	-8.955
-2.225	-8.970
-2.015	-9.180
-1.985	-9.540
-2.000	-9.570
POLYLINE BLACK
-4.325	-8.565
-4.205	-8.685
-3.980	-8.790
-3.860	-8.850
-3.770	-8.880
-3.740	-8.865
-3.590	-8.910
-3.395	-8.955
-3.335	-8.985
-3.275	-9.000
-3.125	-9.060
-2.885	-9.120
-2.450	-9.255
-2.420	-9.300
-2.420	-9.300
-2.420	-9.270
-2.240	-9.585
-2.030	-9.840
-2.000	-9.915
POLYLINE BLACK
-3.725	-8.475
-3.725	-8.535
POLYLINE BLACK
-3.920	-8.055
-3.920	-8.085
-4.055	-7.875
-4.175	-7.500
-4.280	-7.290
-4.370	-6.705
-4.385	-6.555
-4.430	-6.255
POLYLINE BLACK
-4.715	-5.940
-4.730	-6.180
-4.685	-7.290
-4.625	-7.755
POLYLINE BLACK
-4.805	-8.610
-4.535	-8.535
-4.445	-8.520
-4.265	-8.595
-4.250	-8.625
-4.235	-8.595
-4.235	-8.625
-3.860	-9.045
-3.830	-9.075
POLYLINE BLACK
-5.030	-8.250
-4.940	-8.265
-4.640	-8.175
-4.610	-8.190
-4.490	-8.010
-4.565	-7.785
-4.610	-7.680
-4.610	-7.620
POLYLINE BLACK
-4.475	-6.360
-4.415	-6.465
-4.430	-6.420
-4.400	-6.120
-4.340	-5.940
-3.995	-5.640
-3.965	-5.505
-4.100	-5.265
-4.250	-5.145
-4.520	-5.070
-4.595	-4.905
-4.595	-4.785
-4.415	-4.440
POLYLINE BLACK
-4.880	-5.235
-4.880	-5.265
-4.700	-5.505
-4.640	-5.670
-4.685	-5.925
-4.805	-6.270
-4.850	-6.360
POLYLINE BLACK
-1.625	-5.625
-1.610	-5.655
POLYLINE BLACK
-6.080	-6.390
-6.095	-6.525
-6.065	-6.585
POLYLINE BLACK
-5.945	-6.375
-5.885	-6.570
-5.840	-6.690
-5.870	-6.705
POLYLINE BLACK
-6.110	-6.150
-6.140	-6.135
-6.155	-6.195
-6.065	-6.600
-6.035	-6.615
POLYLINE BLACK
-5.990	-6.045
-5.930	-6.435
-5.900	-6.525
POLYLINE BLACK
-6.230	-5.760
-6.245	-5.835
-6.275	-5.850
-6.125	-6.195
-6.110	-6.255
POLYLINE BLACK
-6.245	-5.430
-6.170	-5.805
-6.035	-6.090
-6.005	-6.180
POLYLINE BLACK
-6.485	-4.995
-6.470	-5.085
-6.395	-5.325
-6.245	-5.895
-6.230	-5.925
POLYLINE BLACK
-6.485	-5.040
-6.530	-4.995
-6.560	-5.010
-6.695	-4.920
-6.725	-4.920
-7.040	-4.725
-7.145	-4.650
-7.145	-4.605
-7.100	-4.515
-7.115	-4.485
-7.040	-4.365
-6.770	-4.050
-6.740	-4.050
-6.635	-4.170
-6.440	-4.725
-6.395	-4.965
-6.410	-5.055
-6.260	-5.400
-6.185	-5.535
POLYLINE BLACK
-5.000	-4.890
-4.985	-5.115
-4.865	-5.340
-4.835	-5.340
-4.685	-5.445
POLYLINE BLACK
-4.730	-3.345
-4.730	-3.375
-4.610	-3.630
-4.460	-4.275
-4.430	-4.560
POLYLINE BLACK
-5.390	-3.555
-5.375	-3.630
-5.300	-3.705
-5.300	-3.735
-5.105	-4.035
-5.045	-4.320
-5.030	-4.530
-5.045	-4.770
-4.970	-5.025
POLYLINE BLACK
-6.890	-3.195
-6.770	-3.510
-6.785	-3.630
-6.875	-3.615
-6.905	-3.630
-6.965	-3.600
-6.995	-3.615
-7.010	-3.585
-7.040	-3.600
-7.220	-3.555
-7.280	-3.570
-7.370	-3.450
-7.430	-3.150
-7.415	-3.030
-7.310	-2.835
-7.160	-2.745
-6.980	-2.940
-6.890	-3.240
POLYLINE BLACK
-5.300	-3.645
-5.300	-3.690
-5.330	-3.690
-5.555	-3.435
-5.720	-3.225
-5.915	-2.970
-5.945	-2.910
POLYLINE BLACK
-4.715	-3.480
-4.940	-3.210
-4.970	-3.210
-5.165	-3.060
-5.375	-2.760
-5.390	-2.655
POLYLINE BLACK
-7.370	-1.440
-7.445	-1.635
-7.445	-1.710
POLYLINE BLACK
-7.370	-1.200
-7.565	-1.515
-7.340	-1.530
-7.265	-1.515
POLYLINE BLACK
-7.685	-1.320
-7.805	-1.350
-7.850	-1.410
-7.700	-1.575
-7.655	-1.575
POLYLINE BLACK
-7.250	-1.425
-6.695	-1.290
-6.530	-1.305
-6.500	-1.290
POLYLINE BLACK
-6.665	1.635
-6.575	1.365
-6.605	1.275
-6.665	1.200
-6.770	1.155
-6.830	1.200
-6.860	1.185
-7.025	1.305
-7.085	1.365
POLYLINE BLACK
-3.545	-0.150
-3.545	-0.150
-3.635	-0.045
-3.935	0.210
-4.370	0.510
-4.970	1.020
-5.225	1.215
-5.255	1.215
-5.525	1.395
-5.555	1.380
-5.690	1.500
-5.705	1.470
-5.720	1.515
-5.720	1.515
-5.720	1.515
-5.750	1.515
-6.140	1.800
-6.350	1.950
-6.440	2.040
POLYLINE GRAY
-5.945	-0.645
-5.975	-0.645
-6.290	-0.345
-6.545	-0.030
-6.545	0.000
-6.725	0.255
-6.950	0.465
-7.175	0.810
-7.250	0.945
-7.535	1.485
-7.625	1.545
POLYLINE BLACK
-6.755	-1.110
-6.860	-1.620
-6.830	-1.635
POLYLINE BLACK
-6.665	-1.020
-6.680	-0.990
-6.695	-1.080
-6.755	-1.155
-6.860	-1.605
POLYLINE BLACK
-6.650	-1.065
-6.635	-0.945
-6.725	-0.615
-6.845	-0.390
-6.995	-0.270
-7.355	0.270
-7.520	0.450
POLYLINE BLACK
-4.460	-0.795
-4.430	-0.765
-4.535	-0.360
-4.670	0.030
-4.820	0.195
-4.940	0.225
-5.015	0.285
-5.120	0.315
-5.210	0.330
-5.330	0.255
-5.390	0.105
-5.405	-0.090
POLYLINE BLACK
-4.655	-0.960
-4.790	-0.870
-5.000	-0.540
-5.255	-0.255
-5.360	-0.120
-5.450	-0.045
POLYLINE BLACK
-3.275	2.790
-3.275	2.820
POLYLINE BLACK
-5.585	-1.080
-5.690	-0.930
-5.840	-0.825
-5.840	-0.795
-5.915	-0.645
-5.870	-0.510
-5.780	-0.495
-5.630	-0.540
-5.600	-0.525
-5.600	-0.525
-5.420	-0.675
-5.180	-0.930
POLYLINE BLACK
-8.190	1.445
-8.410	1.645
-8.870	2.285
-8.990	2.685
-9.010	2.785
POLYLINE BLACK
-7.730	1.565
-7.750	1.605
-7.730	1.725
-7.890	2.025
-8.190	2.405
-8.410	2.825
-8.450	2.925
-8.590	3.145
POLYLINE BLACK
-6.750	-0.415
-7.030	-0.035
-7.270	0.265
-7.670	0.805
-7.970	1.125
-8.190	1.585
POLYLINE BLACK
-6.870	-1.515
-6.850	-1.635
-6.670	-1.835
POLYLINE BLACK
-6.890	-0.335
POLYLINE BLACK
-5.290	-1.915
-5.270	-1.995
-5.350	-1.995
-5.410	-1.955
-5.530	-1.995
-5.610	-2.155
-5.490	-2.375
-5.390	-2.735
POLYLINE GRAY
-5.630	-1.255
-5.490	-1.335
POLYLINE GRAY
-5.750	-1.495
-5.670	-1.575
POLYLINE GRAY
-6.010	-1.635
-5.950	-1.755
POLYLINE GRAY
-6.270	-1.675
-6.310	-1.675
-6.350	-1.715
-6.370	-1.855
POLYLINE GRAY
-6.270	-1.795
-6.430	-1.775
-6.630	-1.595
POLYLINE GRAY
-5.450	-1.295
-5.570	-1.555
-5.970	-1.775
-6.350	-1.855
-6.390	-1.835
POLYLINE BLACK
-5.650	-0.855
-5.610	-0.935
-5.790	-0.695
POLYLINE BLACK
-6.650	-1.935
-6.630	-1.975
-6.670	-1.975
-6.730	-1.855
-6.410	-1.555
POLYLINE BLACK
-6.710	-1.955
-6.190	-2.535
-6.050	-2.715
-5.950	-2.915
POLYLINE BLACK
-0.790	-3.455
-0.710	-3.775
-0.750	-3.795
POLYLINE BLACK
-0.710	-3.555
-0.810	-3.115
-1.050	-2.795
-1.230	-3.015
-1.250	-3.215
-1.350	-3.795
-1.170	-3.875
-1.090	-3.895
-0.930	-3.835
-0.870	-3.855
-0.830	-3.835
-0.790	-3.855
-0.690	-3.755
-0.710	-3.715
POLYLINE BLACK
-5.230	-1.955
-4.750	-2.295
-4.450	-2.575
-4.090	-2.815
-3.870	-2.875
POLYLINE BLACK
-4.710	-0.975
-4.810	-0.855
POLYLINE BLACK
-4.710	-0.935
-4.590	-1.035
-4.510	-1.015
-4.470	-1.035
-4.370	-0.955
-4.330	-0.795
-4.370	-0.715
POLYLINE BLACK
-5.110	-1.055
-5.190	-0.895
POLYLINE BLACK
-5.210	-1.235
-5.210	-1.275
-5.330	-1.295
-5.510	-1.115
-5.530	-0.995
POLYLINE BLACK
-5.230	-1.175
-5.250	-1.295
-5.250	-1.295
-5.230	-1.255
-5.230	-1.255
-5.230	-1.295
-5.190	-1.275
-5.110	-1.295
-5.010	-1.175
-5.130	-1.015
POLYLINE BLACK
-4.170	-1.615
-4.250	-1.435
-4.370	-1.455
-4.370	-1.495
-4.150	-1.715
-4.110	-1.715
-4.110	-1.675
-4.190	-1.595
POLYLINE BLACK
-3.670	-1.575
-3.850	-0.975
-3.970	-0.315
-3.910	-0.275
-3.690	-0.315
POLYLINE BLACK
-2.450	-1.815
-2.810	-2.035
-3.130	-2.115
-3.490	-1.955
-3.630	-1.735
-3.670	-1.495
POLYLINE BLACK
0.310	3.645
0.350	3.625
0.470	3.905
0.590	4.145
0.570	4.285
0.490	4.325
0.370	4.285
0.130	4.105
0.030	3.945
-0.130	3.825
-0.290	3.685
-0.350	3.465
-0.330	3.225
-0.350	3.145
-0.270	2.985
-0.150	2.965
-0.010	3.025
0.070	3.005
0.230	3.025
0.310	3.125
0.330	3.565
POLYLINE BLACK
-1.710	-2.255
-1.750	-2.315
-2.290	-2.535
-2.370	-2.575
-2.610	-2.955
-2.930	-3.095
-3.090	-3.075
-3.370	-2.955
-3.350	-2.995
-3.590	-2.895
-3.630	-2.915
-3.630	-2.915
-3.650	-2.875
-3.650	-2.875
-3.950	-2.835
-4.210	-2.935
POLYLINE BLACK
-2.530	-1.695
-2.470	-1.875
-2.330	-1.755
-2.310	-1.615
-2.530	-1.375
-2.570	-1.375
-3.270	-0.895
-3.450	-0.735
-3.570	-0.655
-3.570	-0.615
-3.830	-0.275
POLYLINE BLACK
-1.630	-1.115
-1.570	-1.275
-1.590	-1.315
-1.630	-1.295
-1.910	-1.375
-2.110	-1.355
-2.330	-1.195
-2.830	-0.655
-2.870	-0.655
-3.030	-0.535
-3.030	-0.495
-3.290	-0.315
-3.310	-0.255
-3.530	-0.095
POLYLINE BLACK
-2.055	2.625
-1.965	2.745
-1.845	2.760
-1.785	2.610
-1.680	2.475
-1.635	2.220
-1.530	1.920
-1.365	1.740
-1.245	1.635
POLYLINE BLACK
-2.400	2.610
-2.385	2.670
-2.265	2.730
-2.160	2.655
-2.070	2.610
-2.040	2.610
-2.040	2.580
-2.025	2.610
POLYLINE BLACK
-1.215	1.290
-1.335	1.440
-1.470	1.530
-1.695	1.590
-1.725	1.575
-1.755	1.605
-1.815	1.590
-1.845	1.605
-1.875	1.590
-1.935	1.620
-1.980	1.605
-2.040	1.650
-2.070	1.635
-2.130	1.665
-2.160	1.650
-2.340	1.800
-2.325	1.965
-2.370	2.445
-2.355	2.475
-2.370	2.550
-2.355	2.640
-2.370	2.610
-2.370	2.610
POLYLINE BLACK
-1.400	-2.180
-1.860	-2.420
-1.980	-2.520
-2.040	-2.540
POLYLINE BLACK
-1.340	-2.220
-1.220	-2.200
-1.080	-2.100
-0.880	-1.940
-0.620	-1.780
-0.300	-1.720
-0.260	-1.740
-0.100	-1.700
0.160	-1.640
0.480	-1.420
POLYLINE BLACK
-0.540	-0.920
-0.800	-1.080
-0.880	-1.080
-0.960	-1.120
-1.140	-1.140
-1.300	-1.180
-1.560	-1.340
POLYLINE BLACK
2.020	-0.140
2.440	0.120
2.840	0.260
POLYLINE BLACK
1.520	1.140
1.600	1.160
1.920	1.020
2.300	0.920
2.340	0.940
2.540	0.920
2.580	0.960
POLYLINE BLACK
1.600	1.180
1.260	0.980
0.880	0.520
0.840	0.520
0.600	0.300
0.320	0.140
0.080	0.160
0.080	0.220
POLYLINE BLACK
1.640	1.300
1.680	1.260
1.400	1.000
POLYLINE BLACK
0.100	0.260
0.100	0.220
0.120	0.260
POLYLINE BLACK
-0.140	0.020
-0.140	-0.020
0.080	-0.280
0.020	-0.540
-0.180	-0.780
-0.520	-1.000
POLYLINE BLACK
0.300	-1.640
0.480	-1.400
0.520	-1.400
0.880	-1.100
1.040	-1.020
1.060	-0.940
1.160	-0.760
1.200	-0.760
1.280	-0.640
1.660	-0.380
1.780	-0.340
2.200	0.020

ELEVATION
STATIONS
0.000	0.000	1.0
1.454	0.779	1.1
4.480	-1.059	1.2
6.375	-2.066	1.3
8.638	-3.353	1.4
9.557	-3.473	1.5
13.543	-8.247	1.6
11.363	-2.817	1.7
13.267	-2.196	1.8
16.321	-2.073	1.9
18.476	-1.466	1.10
20.711	-3.153	1.11
SHOTS
16.321	-2.073	20.711	-3.153
16.321	-2.073	18.476	-1.466
13.267	-2.196	16.321	-2.073
16.321	-2.073	15.946	-2.166
16.321	-2.073	16.673	-0.861
16.321	-2.073	16.488	-4.107
16.321	-2.073	15.971	-1.839
16.321	-2.073	17.700	-4.240
11.363	-2.817	13.267	-2.196
13.267	-2.196	13.343	-2.130
13.267	-2.196	13.533	-1.663
13.267	-2.196	13.376	-2.537
13.267	-2.196	13.626	-4.196
9.557	-3.473	11.363	-2.817
11.363	-2.817	11.317	-2.690
11.363	-2.817	11.368	-2.314
11.363	-2.817	11.399	-3.075
11.363	-2.817	11.339	-3.152
9.557	-3.473	13.543	-8.247
8.638	-3.353	9.557	-3.473
9.557	-3.473	13.225	-8.462
9.557	-3.473	13.277	-8.513
9.557	-3.473	13.265	-8.539
9.557	-3.473	13.461	-8.120
6.375	-2.066	8.638	-3.353
8.638	-3.353	9.158	-3.313
8.638	-3.353	8.998	-2.644
8.638	-3.353	8.816	-2.907
8.638	-3.353	8.378	-3.723
8.638	-3.353	9.853	-3.814
4.480	-1.059	6.375	-2.066
6.375	-2.066	6.770	-1.512
6.375	-2.066	7.144	-1.237
6.375	-2.066	6.641	-1.773
6.375	-2.066	6.448	-2.113
6.375	-2.066	6.407	-2.437
6.375	-2.066	8.716	-3.707
6.375	-2.066	7.844	-2.818
6.375	-2.066	9.450	-3.958
1.454	0.779	4.480	-1.059
4.480	-1.059	4.532	-0.629
4.480	-1.059	4.568	-1.088
4.480	-1.059	4.377	-1.702
4.480	-1.059	4.569	-1.076
4.480	-1.059	5.448	-4.507
4.480	-1.059	4.708	-2.863
4.480	-1.059	4.851	-1.657
0.000	0.000	1.454	0.779
1.454	0.779	1.132	1.509
1.454	0.779	0.358	1.010
1.454	0.779	0.961	-0.036
1.454	0.779	0.273	0.973
1.454	0.779	1.620	0.193
1.454	0.779	0.307	1.020
POLYLINE BLACK
15.520	-0.500
16.080	-0.920
16.600	-0.620
16.800	-0.560
POLYLINE BLACK
13.480	-1.760
13.480	-1.800
13.780	-1.680
13.820	-1.700
13.860	-1.680
14.160	-1.720
14.200	-1.700
14.240	-1.720
14.640	-1.560
15.020	-1.460
15.380	-1.360
15.420	-1.380
15.940	-1.080
16.340	-0.760
POLYLINE BLACK
16.320	-4.040
16.200	-4.100
16.160	-4.060
16.120	-4.080
16.040	-4.040
16.000	-4.060
15.920	-4.020
15.840	-4.000
15.800	-4.020
15.620	-3.860
15.580	-3.640
15.560	-3.320
15.400	-2.820
15.220	-2.620
14.900	-2.440
14.860	-2.460
14.780	-2.440
14.400	-2.540
14.280	-2.580
14.180	-2.560
14.140	-2.580
14.100	-2.560
14.060	-2.580
13.780	-2.540
13.560	-2.580
POLYLINE BLACK
13.440	-0.340
13.420	-0.380
13.320	-0.400
13.220	-0.540
13.220	-0.500
13.320	-0.660
13.360	-0.640
13.380	-0.720
13.440	-0.680
13.500	-0.820
13.680	-0.920
13.740	-0.840
13.700	-0.680
13.740	-0.400
13.760	0.120
13.740	0.200
POLYLINE BLACK
12.960	-2.680
13.040	-2.640
13.120	-2.620
13.240	-2.640
13.280	-2.600
13.360	-2.620
13.520	-2.580
13.780	-2.620
13.900	-2.660
POLYLINE BLACK
13.280	-1.900
13.440	-1.820
13.720	-1.840
13.800	-1.880
13.840	-1.860
POLYLINE BLACK
12.800	-2.040
13.140	-1.880
13.180	-1.880
13.320	-1.820
13.560	-1.740
POLYLINE BLACK
12.980	-1.900
13.040	-1.980
13.000	-1.960
12.460	-2.120
12.380	-2.100
12.340	-2.120
12.280	-2.100
11.980	-2.180
11.700	-2.240
11.480	-2.280
11.360	-2.360
POLYLINE BLACK
11.400	-3.080
11.480	-3.120
11.480	-3.160
11.500	-3.100
11.740	-3.020
11.940	-2.980
12.440	-2.860
12.880	-2.640
13.180	-2.560
POLYLINE BLACK
11.320	-2.320
11.320	-2.360
11.080	-2.400
10.820	-2.560
10.600	-2.640
10.420	-2.840
10.300	-2.880
10.020	-3.180
9.940	-3.200
9.860	-3.260
9.740	-3.360
9.660	-3.340
9.560	-3.380
POLYLINE BLACK
11.000	-3.280
11.500	-3.080
POLYLINE BLACK
10.960	-3.280
11.080	-3.260
11.180	-3.220
POLYLINE BLACK
11.160	-3.180
11.020	-3.240
POLYLINE BLACK
11.120	-3.160
11.160	-3.180
10.800	-3.400
10.660	-3.420
10.020	-3.720
9.660	-3.920
POLYLINE BLACK
10.180	-5.040
10.100	-5.180
10.000	-5.320
9.920	-5.460
POLYLINE BLACK
10.160	-4.820
9.980	-5.140
10.020	-5.140
10.120	-5.200
10.200	-5.160
POLYLINE BLACK
9.920	-5.020
9.680	-5.060
9.660	-5.100
9.800	-5.200
POLYLINE BLACK
8.700	-2.980
8.740	-2.980
9.280	-3.280
9.520	-3.340
9.560	-3.380
POLYLINE BLACK
8.840	-3.900
8.840	-3.940
9.000	-4.020
POLYLINE BLACK
8.340	-3.660
8.360	-3.740
8.560	-3.880
8.760	-3.940
8.840	-3.920
8.880	-3.960
8.920	-3.940
POLYLINE BLACK
8.820	-4.320
8.260	-4.940
7.760	-5.760
POLYLINE BLACK
5.420	0.300
POLYLINE BLACK
8.660	-4.360
POLYLINE BLACK
9.380	-3.340
9.440	-3.440
9.480	-3.420
8.960	-4.080
8.740	-4.360
POLYLINE BLACK
9.180	-3.100
POLYLINE BLACK
9.360	-3.400
9.380	-3.460
POLYLINE BLACK
8.840	-6.540
8.800	-6.920
8.580	-7.460
POLYLINE BLACK
9.460	-4.220
9.420	-5.700
9.320	-6.120
9.240	-6.160
9.160	-6.160
9.100	-6.200
9.060	-6.200
8.960	-6.300
8.900	-6.500
POLYLINE BLACK
9.640	-3.880
9.660	-3.920
9.640	-3.960
9.600	-3.940
9.520	-4.000
9.480	-4.300
POLYLINE BLACK
8.440	-3.820
7.980	-3.380
7.520	-3.100
6.960	-2.840
6.440	-2.520
5.580	-2.040
5.540	-2.040
5.160	-1.800
5.120	-1.800
4.900	-1.640
4.860	-1.660
4.180	-1.300
POLYLINE BLACK
8.760	-3.020
8.620	-2.900
8.580	-2.900
8.140	-2.540
7.800	-2.160
7.640	-1.960
7.600	-1.960
7.220	-1.520
7.180	-1.520
6.980	-1.320
6.700	-1.300
6.260	-1.120
5.880	-0.960
5.840	-0.960
5.800	-0.920
5.760	-0.940
5.320	-0.780
5.100	-0.720
4.740	-0.580
4.740	-0.540
POLYLINE BLACK
1.020	0.140
POLYLINE BLACK
1.480	0.180
1.440	0.160
1.220	0.220
1.140	0.180
POLYLINE BLACK
0.360	-0.320
0.620	-0.060
0.860	0.080
0.960	0.100
POLYLINE BLACK
-0.020	0.320
0.000	0.280
0.360	0.600
POLYLINE BLACK
0.440	-0.240
0.460	-0.280
-0.140	-0.800
POLYLINE BLACK
0.080	0.440
0.080	0.400
-0.500	-0.040
POLYLINE BLACK
-0.040	-0.080
0.100	-0.120
0.320	-0.080
0.420	-0.020
0.360	-0.400
0.160	-0.360
0.080	-0.380
0.040	-0.300
0.040	-0.160
POLYLINE BLACK
0.040	0.040
0.040	-0.040
POLYLINE BLACK
1.580	0.160
1.580	0.120
1.400	0.220
1.360	0.200
0.900	0.380
0.780	0.480
0.740	0.440
0.160	0.780
0.080	0.800
-0.480	1.340
POLYLINE BLACK
4.260	-1.420
4.260	-1.420
4.200	-1.300
4.000	-1.200
3.960	-1.200
3.680	-1.060
3.640	-1.060
3.480	-0.940
3.440	-0.960
2.780	-0.500
2.700	-0.480
2.400	-0.280
2.360	-0.280
1.700	0.100
1.620	0.160
POLYLINE BLACK
4.520	-0.620
4.540	-0.660
4.360	-0.460
4.040	-0.260
3.600	-0.140
2.520	0.560
2.000	0.880
1.620	1.080
0.180	1.940
0.140	1.980
