East_Anglia   (m, 360)

[1]: 2009/08/07     0.00  
[2]: 2009/08/09     0.00  


     1.0         1.1       1.260  321.00  -16.00         "stn 1.0 rp on cm RHW"
     1.2         1.1       5.950  194.00   45.00  [1]    
     1.2                   7.840   62.00    9.00  [1]    
     1.2         1.3      12.090   42.00   44.00  [1]    
     1.4         1.3       4.540  172.00  -45.00  [1]    
     1.4         1.5       3.540  305.00  -26.00  [1]    
     1.6         1.5       3.690  209.00   -5.00  [1]    
     1.7         1.5       2.550    7.00   13.00  [1]    
     1.8         1.7       3.950   25.00   16.00  [1]    
     1.8         1.9       5.680  269.00  -17.00  [1]    
     1.10        1.9       2.340  138.00   10.00  [1]    
     1.10        1.11      5.970  166.00   -7.00  [1]    
     1.12        1.9       9.490  154.00    2.00  [1]    
     1.12        1.13      3.420  305.00   -6.00  [1]    
     1.14        1.13      4.150  145.00   -5.00  [1]    
     1.15        1.14      1.490  176.00    0.00  [1]    
     1.16        1.15      3.340  144.00   -6.00  [1]    
     1.4         1.17      4.080   43.00   51.00  [1]    
     1.18        1.17      5.690  240.00   31.00  [1]    
     1.17        1.19     16.130   19.00   37.00  [1]    
     1.20        1.19      8.980  287.00    6.00  [1]    
     1.21        1.20      7.300  288.00  -12.00  [1]    
     1.21        1.22     16.410   54.00   27.00  [1]    
     1.23        1.22     12.010  139.00    9.00  [1]    
     1.23        1.24     15.470   31.00   15.00  [1]    
     1.25        1.24      7.110  156.00   -3.00  [1]    
     1.25        1.26      5.830    3.00   13.00  [1]    
     1.27        1.26      7.990  212.00   21.00  [2]    
     1.27        1.28      5.650   57.00  -15.00  [2]    
     1.29        1.28      6.490  303.00  -22.00  [2]    
     1.29        1.30     11.150  352.00   -3.00  [2]    
     1.29        1.31      6.730   44.00    9.00  [2]    
     1.32        1.31     12.520  192.00  -11.00  [2]    
     1.32        1.33      5.790  322.00    4.00  [2]    
     1.34        1.33      7.680   30.00   22.00  [2]    
     1.34        1.35      4.470  210.00  -21.00  [2]    
     1.36        1.17      7.150  173.00   21.00  [2]    
     1.36        1.37      2.380  168.00  -10.00  [2]    
     1.37        1.38      2.710   35.00  -34.00  [2]    
